0 0
0.0208 0
0.0216 0
0.0416 0
0.0424 2
0.0432 1
0.044 0
0.0624 0
0.0632 0
0.064 1
0.0648 2
0.0656 3
0.0664 2
0.0672 1
0.068 0
0.0832 0
0.084 0
0.0848 1
0.0856 2
0.0864 3
0.0872 4
0.088 5
0.0888 6
0.0896 7
0.0904 6
0.0912 5
0.092 4
0.0928 3
0.0936 2
0.0944 1
0.0952 0
0.1 0
0.104 0
0.1048 0
0.1056 1
0.1064 2
0.1072 3
0.108 4
0.1088 5
0.1096 6
0.1104 7
0.1112 8
0.112 9
0.1128 10
0.1136 11
0.1144 12
0.1152 13
0.116 14
0.1168 15
0.1176 14
0.1184 13
0.1192 12
0.12 11
0.1208 10
0.1216 11
0.1224 10
0.1232 9
0.124 8
0.1248 7
0.1256 8
0.1264 9
0.1272 10
0.128 11
0.1288 12
0.1296 13
0.1304 14
0.1312 15
0.132 16
0.1328 17
0.1336 18
0.1344 19
0.1352 20
0.136 21
0.1368 22
0.1376 23
0.1384 24
0.1392 25
0.14 26
0.1408 27
0.1416 28
0.1424 29
0.1432 30
0.144 31
0.1448 32
0.1456 33
0.1464 34
0.1472 35
0.148 36
0.1488 37
0.1496 38
0.1504 39
0.1512 40
0.152 41
0.1528 42
0.1536 43
0.1544 44
0.1552 45
0.156 46
0.1568 47
0.1576 48
0.1584 49
0.1592 50
0.16 51
0.1608 52
0.1616 53
0.1624 54
0.1632 55
0.164 56
0.1648 57
0.1656 58
0.1664 59
0.1672 60
0.168 61
0.1688 62
0.1696 63
0.1704 64
0.1712 65
0.172 66
0.1728 67
0.1736 68
0.1744 69
0.1752 70
0.176 71
0.1768 72
0.1776 73
0.1784 74
0.1792 75
0.18 76
0.1808 77
0.1816 77
0.1824 77
0.1832 77
0.184 77
0.1848 77
0.1856 77
0.1864 77
0.1872 77
0.188 77
0.1888 77
0.1896 77
0.1904 77
0.1912 77
0.192 77
0.1928 77
0.1936 77
0.1944 77
0.1952 77
0.196 77
0.1968 77
0.1976 77
0.1984 77
0.1992 77
0.2 77
0.2008 78
0.2016 78
0.2024 78
0.2032 78
0.204 79
0.2048 80
0.2056 81
0.2064 82
0.2072 82
0.208 82
0.2088 82
0.2096 82
0.2104 82
0.2112 82
0.212 82
0.2128 82
0.2136 82
0.2144 82
0.2152 82
0.216 82
0.2168 82
0.2176 82
0.2184 82
0.2192 82
0.22 82
0.2208 82
0.2216 82
0.2224 82
0.2232 82
0.224 82
0.2248 82
0.2256 82
0.2264 82
0.2272 82
0.228 82
0.2288 82
0.2296 82
0.2304 82
0.2312 82
0.232 82
0.2328 82
0.2336 82
0.2344 82
0.2352 82
0.236 82
0.2368 82
0.2376 82
0.2384 82
0.2392 82
0.24 82
0.2408 82
0.2416 82
0.2424 82
0.2432 82
0.244 82
0.2448 82
0.2456 82
0.2464 82
0.2472 82
0.248 82
0.2488 82
0.2496 82
0.2504 82
0.2512 82
0.252 82
0.2528 82
0.2536 82
0.2544 82
0.2552 83
0.256 83
0.2568 83
0.2576 83
0.2584 83
0.2592 83
0.26 83
0.2608 83
0.2616 83
0.2624 83
0.2632 84
0.264 84
0.2648 84
0.2656 84
0.2664 84
0.2672 84
0.268 84
0.2688 84
0.2696 84
0.2704 84
0.2712 84
0.272 84
0.2728 84
0.2736 84
0.2744 84
0.2752 84
0.276 84
0.2768 84
0.2776 84
0.2784 84
0.2792 84
0.28 84
0.2808 84
0.2816 84
0.2824 84
0.2832 84
0.284 85
0.2848 85
0.2856 85
0.2864 85
0.2872 86
0.288 87
0.2888 88
0.2896 89
0.2904 90
0.2912 91
0.292 92
0.2928 93
0.2936 93
0.2944 93
0.2952 93
0.296 93
0.2968 93
0.2976 93
0.2984 93
0.2992 93
0.3 94
0.3008 94
0.3016 94
0.3024 94
0.3032 94
0.304 94
0.3048 94
0.3056 94
0.3064 94
0.3072 94
0.308 94
0.3088 94
0.3096 94
0.3104 94
0.3112 94
0.312 94
0.3128 94
0.3136 94
0.3144 94
0.3152 94
0.316 94
0.3168 94
0.3176 94
0.3184 94
0.3192 94
0.32 94
0.3208 94
0.3216 94
0.3224 94
0.3232 94
0.324 94
0.3248 94
0.3256 94
0.3264 94
0.3272 94
0.328 94
0.3288 94
0.3296 94
0.3304 94
0.3312 94
0.332 94
0.3328 94
0.3336 94
0.3344 94
0.3352 94
0.336 94
0.3368 94
0.3376 94
0.3384 94
0.3392 94
0.34 94
0.3408 94
0.3416 94
0.3424 94
0.3432 94
0.344 94
0.3448 94
0.3456 94
0.3464 94
0.3472 94
0.348 94
0.3488 94
0.3496 94
0.3504 94
0.3512 95
0.352 95
0.3528 95
0.3536 95
0.3544 95
0.3552 95
0.356 95
0.3568 95
0.3576 95
0.3584 95
0.3592 95
0.36 95
0.3608 95
0.3616 95
0.3624 95
0.3632 95
0.364 95
0.3648 95
0.3656 95
0.3664 95
0.3672 95
0.368 95
0.3688 95
0.3696 95
0.3704 95
0.3712 95
0.372 96
0.3728 97
0.3736 97
0.3744 97
0.3752 97
0.376 98
0.3768 99
0.3776 x
0.3776 99
0.3784 x
0.3784 99
0.3792 x
0.3792 99
0.38 x
0.38 99
0.3808 x
0.3808 99
0.3816 x
0.3816 99
0.3824 x
0.3824 99
0.3832 x
0.3832 99
0.384 x
0.384 99
0.3848 x
0.3848 99
0.3856 x
0.3856 99
0.3864 x
0.3864 99
0.3872 x
0.3872 99
0.388 x
0.388 99
0.3888 99
0.3896 99
0.3904 99
0.3912 99
0.392 99
0.3928 99
0.3936 99
0.3944 99
0.3952 99
0.396 x
0.396 99
0.3968 99
0.3976 99
0.3984 99
0.3992 99
0.4 x
0.4 99
0.4008 99
0.4016 99
0.4024 99
0.4032 99
0.404 99
0.4048 99
0.4056 99
0.4064 99
0.4072 99
0.408 99
0.4088 99
0.4096 99
0.4104 99
0.4112 99
0.412 99
0.4128 99
0.4136 99
0.4144 99
0.4152 99
0.416 99
0.4168 99
0.4176 99
0.4184 99
0.4192 99
0.42 99
0.4208 99
0.4216 99
0.4224 99
0.4232 99
0.424 99
0.4248 99
0.4256 99
0.4264 99
0.4272 99
0.428 99
0.4288 99
0.4296 99
0.4304 99
0.4312 99
0.432 99
0.4328 99
0.4336 99
0.4344 99
0.4352 99
0.436 99
0.4368 99
0.4376 99
0.4384 99
0.4392 99
0.44 99
0.4408 99
0.4416 99
0.4424 99
0.4432 99
0.444 99
0.4448 99
0.4456 99
0.4464 99
0.4472 99
0.448 x
0.448 99
0.4488 99
0.4496 99
0.4504 99
0.4512 99
0.452 99
0.4528 99
0.4536 99
0.4544 99
0.4552 99
0.456 99
0.4568 99
0.4576 99
0.4584 99
0.4592 99
0.46 99
0.4608 99
0.4616 99
0.4624 99
0.4632 99
0.464 99
0.4648 99
0.4656 99
0.4664 99
0.4672 99
0.468 99
0.4688 x
0.4688 99
0.4696 x
0.4696 99
0.4704 x
0.4704 99
0.4712 x
0.4712 99
0.472 99
0.4728 99
0.4736 99
0.4744 x
0.4744 99
0.4752 x
0.4752 99
0.476 x
0.476 99
0.4768 x
0.4768 99
0.4776 x
0.4776 99
0.4784 99
0.4792 99
0.48 99
0.4808 99
0.4816 99
0.4824 99
0.4832 99
0.484 99
0.4848 99
0.4856 99
0.4864 99
0.4872 99
0.488 99
0.4888 99
0.4896 99
0.4904 99
0.4912 99
0.492 99
0.4928 99
0.4936 99
0.4944 99
0.4952 99
0.496 x
0.496 99
0.4968 99
0.4976 99
0.4984 99
0.4992 99
0.5 x
0.5 99
0.5008 98
0.5016 97
0.5024 96
0.5032 95
0.504 94
0.5048 93
0.5056 92
0.5064 91
0.5072 90
0.508 89
0.5088 88
0.5096 87
0.5104 86
0.5112 85
0.512 84
0.5128 83
0.5136 82
0.5144 81
0.5152 80
0.516 79
0.5168 78
0.5176 77
0.5184 76
0.5192 75
0.52 74
0.5208 73
0.5216 72
0.5224 71
0.5232 70
0.524 69
0.5248 68
0.5256 67
0.5264 66
0.5272 65
0.528 64
0.5288 63
0.5296 62
0.5304 61
0.5312 60
0.532 59
0.5328 58
0.5336 57
0.5344 56
0.5352 55
0.536 54
0.5368 53
0.5376 52
0.5384 51
0.5392 50
0.54 49
0.5408 48
0.5416 47
0.5424 46
0.5432 45
0.544 44
0.5448 43
0.5456 42
0.5464 41
0.5472 40
0.548 39
0.5488 38
0.5496 37
0.5504 36
0.5512 35
0.552 34
0.5528 33
0.5536 32
0.5544 31
0.5552 30
0.556 29
0.5568 28
0.5576 27
0.5584 26
0.5592 25
0.56 24
0.5608 23
0.5616 22
0.5624 21
0.5632 20
0.564 19
0.5648 18
0.5656 17
0.5664 16
0.5672 15
0.568 14
0.5688 15
0.5696 15
0.5704 15
0.5712 15
0.572 14
0.5728 13
0.5736 12
0.5744 12
0.5752 12
0.576 12
0.5768 12
0.5776 12
0.5784 12
0.5792 12
0.58 12
0.5808 12
0.5816 12
0.5824 12
0.5832 12
0.584 12
0.5848 12
0.5856 12
0.5864 12
0.5872 12
0.588 12
0.5888 11
0.5896 10
0.5904 9
0.5912 8
0.592 7
0.5928 6
0.5936 5
0.5944 4
0.5952 3
0.596 3
0.5968 2
0.5976 1
0.5984 0
0.6 0
0.6008 0
0.6016 0
0.6024 0
0.6032 0
0.604 0
0.6048 0
0.6056 0
0.6064 0
0.6072 0
0.608 0
0.6088 0
0.6096 0
0.6104 0
0.6112 0
0.612 0
0.6128 0
0.6136 0
0.6144 0
0.6152 0
0.616 0
0.6168 0
0.6176 0
0.6184 0
0.6192 0
0.62 0
0.6208 0
0.6216 0
0.6224 0
0.6232 0
0.624 0
0.6248 0
0.6256 0
0.6264 0
0.6272 0
0.628 0
0.6288 0
0.6296 0
0.6304 0
0.6312 0
0.632 0
0.6328 0
0.6336 0
0.6344 0
0.6352 0
0.636 0
0.6368 0
0.6408 0
0.6416 0
0.6424 0
0.6432 0
0.644 0
0.6448 0
0.6456 0
0.6464 0
0.6616 0
0.6624 0
0.6632 0
0.664 0
0.6648 0
0.6656 0
0.6664 0
0.6672 0
0.6824 0
0.6832 0
0.684 0
0.6848 0
0.6856 0
0.6864 0
0.6872 0
0.688 0
0.7032 0
0.704 0
0.7048 0
0.7056 0
0.7064 0
0.7072 0
0.708 0
0.7088 0
0.724 0
0.7248 0
0.7256 0
0.7264 0
0.7272 0
0.728 0
0.7288 0
0.7296 0
0.7448 0
0.7456 0
0.7464 0
0.7472 0
0.748 0
0.7488 0
0.7496 0
0.7504 0
0.7656 0
0.7664 0
0.7672 0
0.768 0
0.7688 0
0.7696 0
0.7704 0
0.7712 0
0.7864 0
0.7872 0
0.788 0
0.7888 0
0.7896 0
0.7904 0
0.7912 0
0.792 0
0.7992 0
0.8072 0
0.808 0
0.8088 0
0.8096 0
0.8104 0
0.8112 0
0.812 0
0.8128 0
0.82 0
0.8208 0
0.828 0
0.8288 0
0.8296 0
0.8304 0
0.8312 0
0.832 0
0.8328 0
0.8336 0
0.8408 0
0.8416 1
0.8424 1
0.8432 0
0.8488 0
0.8496 0
0.8504 0
0.8512 0
0.852 0
0.8528 0
0.8536 0
0.8544 0
0.8576 0
0.8616 0
0.8624 0
0.8632 1
0.864 2
0.8648 3
0.8656 2
0.8664 1
0.8672 0
0.8696 0
0.8704 0
0.8712 0
0.872 0
0.8728 0
0.8736 0
0.8744 0
0.8752 0
0.8784 0
0.8792 0
0.8824 0
0.8832 0
0.884 1
0.8848 2
0.8856 3
0.8864 4
0.8872 5
0.888 6
0.8888 7
0.8896 6
0.8904 5
0.8912 5
0.892 5
0.8928 5
0.8936 5
0.8944 5
0.8952 5
0.896 5
0.8968 5
0.8976 4
0.8984 3
0.8992 2
0.9 4
0.9008 4
0.9016 3
0.9024 2
0.9032 3
0.904 4
0.9048 5
0.9056 6
0.9064 7
0.9072 8
0.908 9
0.9088 10
0.9096 11
0.9104 12
0.9112 13
0.912 14
0.9128 15
0.9136 16
0.9144 17
0.9152 18
0.916 18
0.9168 18
0.9176 18
0.9184 18
0.9192 18
0.92 18
0.9208 18
0.9216 18
0.9224 20
0.9232 20
0.924 22
0.9248 22
0.9256 23
0.9264 24
0.9272 25
0.928 26
0.9288 27
0.9296 28
0.9304 29
0.9312 30
0.932 31
0.9328 32
0.9336 33
0.9344 34
0.9352 35
0.936 36
0.9368 37
0.9376 38
0.9384 39
0.9392 40
0.94 41
0.9408 42
0.9416 42
0.9424 42
0.9432 42
0.944 42
0.9448 42
0.9456 42
0.9464 42
0.9472 42
0.948 42
0.9488 42
0.9496 42
0.9504 42
0.9512 42
0.952 42
0.9528 42
0.9536 42
0.9544 42
0.9552 42
0.956 42
0.9568 42
0.9576 44
0.9584 44
0.9592 46
0.96 46
0.9608 48
0.9616 48
0.9624 50
0.9632 50
0.964 50
0.9648 50
0.9656 50
0.9664 50
0.9672 50
0.968 50
0.9688 50
0.9696 50
0.9704 50
0.9712 50
0.972 50
0.9728 50
0.9736 50
0.9744 50
0.9752 50
0.976 50
0.9768 50
0.9776 50
0.9784 50
0.9792 50
0.98 50
0.9808 50
0.9816 50
0.9824 50
0.9832 50
0.984 50
0.9848 50
0.9856 50
0.9864 50
0.9872 50
0.988 50
0.9888 50
0.9896 50
0.9904 50
0.9912 50
0.992 50
0.9928 50
0.9936 50
0.9944 50
0.9952 51
0.996 51
0.9968 51
0.9976 51
0.9984 51
0.9992 51
1.0 51
1.0008 51
1.0016 51
1.0024 51
1.0032 50
1.004 50
1.0048 50
1.0056 50
1.0064 50
1.0072 50
1.008 50
1.0088 50
1.0096 50
1.0104 50
1.0112 49
1.012 48
1.0128 50
1.0136 50
1.0144 52
1.0152 52
1.016 54
1.0168 54
1.0176 56
1.0184 56
1.0192 58
1.02 58
1.0208 60
1.0216 60
1.0224 62
1.0232 62
1.024 64
1.0248 64
1.0256 64
1.0264 64
1.0272 64
1.028 64
1.0288 64
1.0296 64
1.0304 64
1.0312 64
1.032 64
1.0328 64
1.0336 64
1.0344 64
1.0352 64
1.036 64
1.0368 64
1.0376 64
1.0384 64
1.0392 64
1.04 64
1.0408 64
1.0416 64
1.0424 64
1.0432 64
1.044 64
1.0448 64
1.0456 64
1.0464 64
1.0472 64
1.048 64
1.0488 64
1.0496 64
1.0504 64
1.0512 64
1.052 64
1.0528 64
1.0536 64
1.0544 64
1.0552 64
1.056 64
1.0568 64
1.0576 65
1.0584 65
1.0592 65
1.06 65
1.0608 65
1.0616 65
1.0624 65
1.0632 65
1.064 65
1.0648 65
1.0656 65
1.0664 65
1.0672 65
1.068 65
1.0688 65
1.0696 65
1.0704 64
1.0712 63
1.072 62
1.0728 64
1.0736 64
1.0744 66
1.0752 66
1.0752 x
1.0752 x
1.0752 x
1.076 99
1.0768 99
1.0776 99
1.0784 99
1.0792 99
1.08 99
1.0808 99
1.0816 99
1.0824 99
1.0832 99
1.084 99
1.0848 99
1.0856 99
1.0864 99
1.0872 98
1.088 97
1.0888 96
1.0896 95
1.0904 94
1.0912 93
1.092 92
1.0928 91
1.0936 90
1.0944 89
1.0952 88
1.096 87
1.0968 86
1.0976 85
1.0984 85
1.0992 85
1.1 85
1.1008 85
1.1016 85
1.1024 85
1.1032 85
1.104 85
1.1048 85
1.1056 85
1.1064 85
1.1072 85
1.108 85
1.1088 85
1.1096 85
1.1104 85
1.1112 85
1.112 85
1.1128 85
1.1136 85
1.1144 85
1.1152 85
1.116 85
1.1168 85
1.1176 85
1.1184 85
1.1192 85
1.12 85
1.1208 85
1.1216 85
1.1224 85
1.1232 85
1.124 85
1.1248 85
1.1256 85
1.1264 85
1.1272 85
1.128 85
1.1288 85
1.1296 85
1.1304 85
1.1312 86
1.132 86
1.1328 86
1.1336 86
1.1344 86
1.1352 86
1.136 86
1.1368 86
1.1376 86
1.1384 86
1.1392 86
1.14 86
1.1408 86
1.1416 86
1.1424 86
1.1432 86
1.144 85
1.1448 84
1.1456 83
1.1464 82
1.1472 81
1.148 80
1.1488 79
1.1496 78
1.1504 78
1.1512 78
1.152 78
1.1528 78
1.1536 78
1.1544 78
1.1552 78
1.156 78
1.1568 78
1.1576 78
1.1584 78
1.1592 78
1.16 78
1.1608 78
1.1616 78
1.1624 78
1.1632 78
1.164 78
1.1648 78
1.1656 78
1.1664 78
1.1672 78
1.168 78
1.1688 78
1.1696 78
1.1704 78
1.1712 78
1.172 78
1.1728 78
1.1736 78
1.1744 78
1.1752 78
1.176 78
1.1768 78
1.1776 77
1.1784 76
1.1792 75
1.18 74
1.1808 73
1.1816 72
1.1824 71
1.1832 70
1.184 69
1.1848 68
1.1856 67
1.1864 66
1.1872 65
1.188 65
1.1888 65
1.1896 65
1.1904 65
1.1912 65
1.192 65
1.1928 65
1.1936 65
1.1944 65
1.1952 65
1.196 65
1.1968 65
1.1976 65
1.1984 65
1.1992 65
1.2 65
1.2008 65
1.2016 65
1.2024 65
1.2032 65
1.204 65
1.2048 65
1.2056 65
1.2064 65
1.2072 65
1.208 65
1.2088 65
1.2096 65
1.2104 65
1.2112 65
1.212 65
1.2128 65
1.2136 65
1.2144 65
1.2152 65
1.216 65
1.2168 65
1.2176 65
1.2184 65
1.2192 65
1.22 65
1.2208 65
1.2216 66
1.2224 66
1.2232 66
1.224 66
1.2248 66
1.2256 66
1.2264 66
1.2272 66
1.228 66
1.2288 66
1.2296 66
1.2304 66
1.2312 66
1.232 66
1.2328 66
1.2336 66
1.2344 65
1.2352 64
1.236 63
1.2368 62
1.2376 61
1.2384 60
1.2392 59
1.24 58
1.2408 57
1.2416 56
1.2424 55
1.2432 54
1.244 53
1.2448 52
1.2456 51
1.2464 50
1.2472 49
1.248 48
1.2488 47
1.2496 46
1.2504 45
1.2512 44
1.252 43
1.2528 42
1.2536 41
1.2544 40
1.2552 39
1.256 38
1.2568 37
1.2576 36
1.2584 35
1.2592 34
1.26 33
1.2608 32
1.2616 32
1.2624 32
1.2632 32
1.264 32
1.2648 32
1.2656 32
1.2664 32
1.2672 32
1.268 32
1.2688 32
1.2696 32
1.2704 32
1.2712 32
1.272 33
1.2728 33
1.2736 33
1.2744 33
1.2752 33
1.276 33
1.2768 33
1.2776 33
1.2784 33
1.2792 33
1.28 33
1.2808 33
1.2816 33
1.2824 33
1.2832 33
1.284 33
1.2848 33
1.2856 33
1.2864 33
1.2872 33
1.288 33
1.2888 33
1.2896 33
1.2904 33
1.2912 33
1.292 33
1.2928 33
1.2936 33
1.2944 33
1.2952 33
1.296 34
1.2968 34
1.2976 34
1.2984 34
1.2992 34
1.3 34
1.3008 34
1.3016 34
1.3024 34
1.3032 34
1.304 34
1.3048 34
1.3056 34
1.3064 34
1.3072 34
1.308 34
1.3088 34
1.3096 34
1.3104 34
1.3112 34
1.312 34
1.3128 34
1.3136 34
1.3144 34
1.3152 34
1.316 34
1.3168 34
1.3176 34
1.3184 34
1.3192 34
1.32 35
1.3208 35
1.3216 35
1.3224 35
1.3232 35
1.324 35
1.3248 35
1.3256 35
1.3264 35
1.3272 35
1.328 35
1.3288 35
1.3296 35
1.3304 35
1.3312 35
1.332 35
1.3328 35
1.3336 35
1.3344 35
1.3352 35
1.336 35
1.3368 35
1.3376 35
1.3384 35
1.3392 35
1.34 35
1.3408 35
1.3416 35
1.3424 35
1.3432 35
1.344 35
1.3448 36
1.3456 36
1.3464 36
1.3472 36
1.348 36
1.3488 36
1.3496 36
1.3504 36
1.3512 36
1.352 36
1.3528 36
1.3536 36
1.3544 36
1.3552 36
1.356 36
1.3568 36
1.3576 36
1.3584 36
1.3592 36
1.36 36
1.3608 36
1.3616 36
1.3624 36
1.3632 36
1.364 36
1.3648 35
1.3656 34
1.3664 33
1.3672 32
1.368 31
1.3688 33
1.3696 33
1.3704 32
1.3712 31
1.372 30
1.3728 29
1.3736 28
1.3744 27
1.3752 26
1.376 25
1.3768 24
1.3776 23
1.3784 22
1.3792 21
1.38 20
1.3808 19
1.3816 18
1.3824 17
1.3832 16
1.384 15
1.3848 14
1.3856 13
1.3864 12
1.3872 11
1.388 10
1.3888 9
1.3896 8
1.3904 7
1.3912 6
1.392 5
1.3928 4
1.3936 3
1.3944 2
1.3952 1
1.396 0
1.4048 0
1.4056 0
1.4064 0
1.4144 0
1.4152 1
1.416 1
1.4168 7
1.4176 7
1.4184 6
1.4192 5
1.42 4
1.4208 3
1.4216 2
1.4224 1
1.4232 0
1.4256 0
1.4264 0
1.4272 0
1.4352 0
1.436 0
1.4368 0
1.4376 0
1.4384 0
1.4392 0
1.44 1
1.4408 2
1.4416 3
1.4424 4
1.4432 5
1.444 6
1.4448 7
1.4456 6
1.4464 5
1.4472 5
1.448 5
1.4488 5
1.4496 4
1.4504 3
1.4512 2
1.452 1
1.4528 0
1.456 0
1.4568 0
1.4576 1
1.4584 2
1.4592 3
1.46 4
1.4608 6
1.4616 7
1.4624 8
1.4632 9
1.464 10
1.4648 11
1.4656 12
1.4664 13
1.4672 14
1.468 15
1.4688 16
1.4696 17
1.4704 18
1.4712 19
1.472 20
1.4728 20
1.4736 20
1.4744 20
1.4752 19
1.476 18
1.4768 17
1.4776 18
1.4784 19
1.4792 20
1.48 21
1.4808 22
1.4816 23
1.4824 24
1.4832 25
1.484 26
1.4848 27
1.4856 27
1.4864 27
1.4872 28
1.488 28
1.4888 28
1.4896 28
1.4904 28
1.4912 28
1.492 28
1.4928 28
1.4936 28
1.4944 28
1.4952 28
1.496 28
1.4968 28
1.4976 28
1.4984 28
1.4992 28
1.5 28
1.5008 28
1.5016 28
1.5024 28
1.5032 28
1.504 28
1.5048 28
1.5056 28
1.5064 28
1.5072 28
1.508 28
1.5088 28
1.5096 28
1.5104 28
1.5112 28
1.512 28
1.5128 28
1.5136 28
1.5144 28
1.5152 28
1.516 28
1.5168 28
1.5176 28
1.5184 28
1.5192 28
1.52 28
1.5208 28
1.5216 28
1.5224 28
1.5232 28
1.524 28
1.5248 28
1.5256 28
1.5264 28
1.5272 28
1.528 29
1.5288 29
1.5296 29
1.5304 30
1.5312 33
1.532 33
1.5328 33
1.5336 33
1.5344 33
1.5352 33
1.536 33
1.5368 33
1.5376 33
1.5384 33
1.5392 33
1.54 33
1.5408 33
1.5416 33
1.5424 33
1.5432 33
1.544 33
1.5448 33
1.5456 33
1.5464 33
1.5472 33
1.548 33
1.5488 33
1.5496 33
1.5504 33
1.5512 33
1.552 33
1.5528 33
1.5536 33
1.5544 33
1.5552 33
1.556 33
1.5568 33
1.5576 33
1.5584 33
1.5592 33
1.56 33
1.5608 33
1.5616 33
1.5624 33
1.5632 33
1.564 33
1.5648 33
1.5656 33
1.5664 33
1.5672 33
1.568 33
1.5688 33
1.5696 33
1.5704 33
1.5712 33
1.572 33
1.5728 34
1.5736 34
1.5744 34
1.5752 34
1.576 34
1.5768 35
1.5776 36
1.5784 37
1.5792 38
1.58 38
1.5808 38
1.5816 38
1.5824 38
1.5832 38
1.584 38
1.5848 38
1.5856 38
1.5864 38
1.5872 38
1.588 38
1.5888 38
1.5896 38
1.5904 38
1.5912 38
1.592 38
1.5928 38
1.5936 38
1.5944 38
1.5952 38
1.596 38
1.5968 38
1.5976 38
1.5984 38
1.5992 38
1.6 38
1.6008 38
1.6016 38
1.6024 38
1.6032 38
1.604 38
1.6048 38
1.6056 38
1.6064 38
1.6072 38
1.608 38
1.6088 38
1.6096 38
1.6104 38
1.6112 38
1.612 38
1.6128 38
1.6136 38
1.6144 38
1.6152 38
1.616 38
1.6168 38
1.6176 38
1.6184 38
1.6192 38
1.62 38
1.6208 38
1.6216 39
1.6224 39
1.6232 39
1.624 40
1.6248 41
1.6256 42
1.6264 43
1.6272 44
1.628 45
1.6288 46
1.6296 47
1.6304 48
1.6312 49
1.632 49
1.6328 49
1.6336 49
1.6344 49
1.6352 49
1.636 49
1.6368 49
1.6376 49
1.6384 49
1.6392 49
1.64 49
1.6408 49
1.6416 49
1.6424 49
1.6432 49
1.644 49
1.6448 49
1.6456 49
1.6464 49
1.6472 49
1.648 49
1.6488 49
1.6496 49
1.6504 49
1.6512 49
1.652 49
1.6528 49
1.6536 49
1.6544 49
1.6552 49
1.656 49
1.6568 49
1.6576 49
1.6584 49
1.6592 49
1.66 49
1.6608 49
1.6616 49
1.6624 49
1.6632 49
1.664 49
1.6648 49
1.6656 49
1.6664 49
1.6672 49
1.668 49
1.6688 49
1.6696 49
1.6704 49
1.6712 49
1.672 49
1.6728 49
1.6736 49
1.6744 50
1.6752 50
1.676 50
1.6768 51
1.6776 52
1.6784 53
1.6792 54
1.68 55
1.6808 55
1.6816 55
1.6824 55
1.6832 55
1.684 55
1.6848 55
1.6856 55
1.6864 55
1.6872 55
1.688 55
1.6888 55
1.6896 55
1.6904 55
1.6912 55
1.692 55
1.6928 55
1.6936 55
1.6944 55
1.6952 55
1.696 55
1.6968 55
1.6976 55
1.6984 55
1.6992 55
1.7 55
1.7008 55
1.7016 55
1.7024 55
1.7032 55
1.704 55
1.7048 55
1.7056 55
1.7064 55
1.7072 55
1.708 55
1.7088 55
1.7096 55
1.7104 55
1.7112 55
1.712 55
1.7128 55
1.7136 55
1.7144 55
1.7152 55
1.716 55
1.7168 55
1.7176 55
1.7184 55
1.7192 55
1.72 55
1.7208 55
1.7216 55
1.7224 55
1.7232 55
1.724 55
1.7248 55
1.7256 55
1.7264 55
1.7272 55
1.728 55
1.7288 55
1.7296 55
1.7304 55
1.7312 55
1.732 55
1.7328 55
1.7336 55
1.7344 55
1.7352 55
1.736 56
1.7368 56
1.7376 56
1.7384 56
1.7392 56
1.74 56
1.7408 56
1.7416 56
1.7424 56
1.7432 56
1.744 56
1.7448 56
1.7456 57
1.7464 57
1.7472 57
1.748 57
1.7488 57
1.7496 57
1.7504 57
1.7512 57
1.752 57
1.7528 57
1.7536 57
1.7544 57
1.7552 57
1.756 57
1.7568 57
1.7576 57
1.7584 57
1.7592 57
1.76 57
1.7608 57
1.7616 57
1.7624 57
1.7632 57
1.764 57
1.7648 57
1.7656 57
1.7664 57
1.7672 57
1.768 57
1.7688 57
1.7696 57
1.7704 57
1.7712 57
1.772 57
1.7728 57
1.7736 57
1.7744 57
1.7752 57
1.776 57
1.7768 57
1.7776 57
1.7784 57
1.7792 57
1.78 57
1.7808 57
1.7816 57
1.7824 57
1.7832 57
1.784 57
1.7848 57
1.7856 57
1.7864 57
1.7872 57
1.788 57
1.7888 57
1.7896 57
1.7904 57
1.7912 57
1.792 57
1.7928 57
1.7936 57
1.7944 57
1.7952 57
1.796 57
1.7968 57
1.7976 57
1.7984 57
1.7992 57
1.8 57
1.8008 57
1.8016 57
1.8024 58
1.8032 58
1.804 58
1.8048 58
1.8056 58
1.8064 58
1.8072 58
1.808 58
1.8088 58
1.8096 58
1.8104 58
1.8112 58
1.812 58
1.8128 59
1.8136 59
1.8144 59
1.8152 59
1.816 59
1.8168 59
1.8176 59
1.8184 59
1.8192 59
1.82 59
1.8208 59
1.8216 59
1.8224 59
1.8232 59
1.824 59
1.8248 59
1.8256 59
1.8264 59
1.8272 59
1.828 59
1.8288 59
1.8296 59
1.8304 59
1.8312 59
1.832 59
1.8328 59
1.8336 59
1.8344 59
1.8352 59
1.836 59
1.8368 59
1.8376 59
1.8384 59
1.8392 59
1.84 59
1.8408 59
1.8416 59
1.8424 59
1.8432 59
1.844 59
1.8448 59
1.8456 59
1.8464 59
1.8472 59
1.848 59
1.8488 59
1.8496 59
1.8504 59
1.8512 59
1.852 59
1.8528 59
1.8536 59
1.8544 59
1.8552 59
1.856 59
1.8568 59
1.8576 59
1.8584 59
1.8592 59
1.86 59
1.8608 59
1.8616 59
1.8624 59
1.8632 59
1.864 59
1.8648 59
1.8656 59
1.8664 59
1.8672 59
1.868 59
1.8688 59
1.8696 59
1.8704 60
1.8712 60
1.872 60
1.8728 60
1.8736 60
1.8744 60
1.8752 60
1.876 60
1.8768 60
1.8776 60
1.8784 60
1.8792 60
1.88 60
1.8808 60
1.8816 61
1.8824 61
1.8832 61
1.884 61
1.8848 61
1.8856 61
1.8864 61
1.8872 61
1.888 61
1.8888 61
1.8896 61
1.8904 61
1.8912 61
1.892 61
1.8928 61
1.8936 61
1.8944 61
1.8952 61
1.896 61
1.8968 61
1.8976 61
1.8984 61
1.8992 61
1.9 61
1.9008 61
1.9016 61
1.9024 61
1.9032 61
1.904 61
1.9048 61
1.9056 61
1.9064 61
1.9072 61
1.908 61
1.9088 61
1.9096 61
1.9104 61
1.9112 61
1.912 61
1.9128 61
1.9136 61
1.9144 61
1.9152 61
1.916 61
1.9168 61
1.9176 61
1.9184 61
1.9192 61
1.92 61
1.9208 61
1.9216 61
1.9224 61
1.9232 61
1.924 61
1.9248 61
1.9256 61
1.9264 61
1.9272 61
1.928 61
1.9288 61
1.9296 61
1.9304 61
1.9312 61
1.932 61
1.9328 61
1.9336 61
1.9344 61
1.9352 61
1.936 61
1.9368 61
1.9376 61
1.9384 61
1.9392 61
1.94 62
1.9408 62
1.9416 62
1.9424 62
1.9432 62
1.944 62
1.9448 62
1.9456 62
1.9464 62
1.9472 62
1.948 62
1.9488 62
1.9496 62
1.9504 62
1.9512 62
1.952 63
1.9528 63
1.9536 63
1.9544 63
1.9552 63
1.956 63
1.9568 63
1.9576 63
1.9584 63
1.9592 63
1.96 63
1.9608 63
1.9616 63
1.9624 63
1.9632 63
1.964 63
1.9648 63
1.9656 63
1.9664 63
1.9672 63
1.968 63
1.9688 63
1.9696 63
1.9704 63
1.9712 63
1.972 63
1.9728 63
1.9736 63
1.9744 63
1.9752 63
1.976 63
1.9768 63
1.9776 63
1.9784 63
1.9792 63
1.98 63
1.9808 63
1.9816 63
1.9824 63
1.9832 63
1.984 63
1.9848 63
1.9856 63
1.9864 63
1.9872 63
1.988 63
1.9888 63
1.9896 63
1.9904 63
1.9912 63
1.992 63
1.9928 63
1.9936 63
1.9944 63
1.9952 63
1.996 63
1.9968 63
1.9976 63
1.9984 63
1.9992 63
2.0 63
2.0008 63
2.0016 63
2.0024 63
2.0032 63
2.004 63
2.0048 63
2.0056 63
2.0064 63
2.0072 63
2.008 63
2.0088 63
2.0096 63
2.0104 63
2.0112 64
2.012 64
2.0128 64
2.0136 64
2.0144 64
2.0152 64
2.016 64
2.0168 64
2.0176 64
2.0184 64
2.0192 64
2.02 64
2.0208 64
2.0216 64
2.0224 64
2.0232 64
2.024 65
2.0248 65
2.0256 65
2.0264 65
2.0272 65
2.028 65
2.0288 65
2.0296 65
2.0304 65
2.0312 65
2.032 65
2.0328 65
2.0336 65
2.0344 65
2.0352 65
2.036 65
2.0368 65
2.0376 65
2.0384 65
2.0392 65
2.04 65
2.0408 65
2.0416 65
2.0424 65
2.0432 65
2.044 65
2.0448 65
2.0456 65
2.0464 65
2.0472 65
2.048 65
2.0488 65
2.0496 65
2.0504 65
2.0512 65
2.052 65
2.0528 65
2.0536 65
2.0544 65
2.0552 65
2.056 65
2.0568 65
2.0576 65
2.0584 65
2.0592 65
2.06 65
2.0608 65
2.0616 65
2.0624 65
2.0632 65
2.064 65
2.0648 65
2.0656 65
2.0664 65
2.0672 65
2.068 65
2.0688 65
2.0696 65
2.0704 65
2.0712 65
2.072 65
2.0728 65
2.0736 65
2.0744 65
2.0752 65
2.076 65
2.0768 65
2.0776 65
2.0784 65
2.0792 65
2.08 65
2.0808 65
2.0816 65
2.0824 65
2.0832 65
2.084 66
2.0848 66
2.0856 66
2.0864 66
2.0872 66
2.088 66
2.0888 66
2.0896 66
2.0904 66
2.0912 66
2.092 66
2.0928 66
2.0936 66
2.0944 66
2.0952 66
2.096 66
2.0968 66
2.0976 67
2.0984 67
2.0992 67
2.1 67
2.1008 67
2.1016 67
2.1024 67
2.1032 67
2.104 67
2.1048 67
2.1056 67
2.1064 67
2.1072 67
2.108 67
2.1088 67
2.1096 67
2.1104 67
2.1112 67
2.112 67
2.1128 67
2.1136 67
2.1144 67
2.1152 67
2.116 67
2.1168 67
2.1176 67
2.1184 67
2.1192 67
2.12 67
2.1208 67
2.1216 67
2.1224 67
2.1232 67
2.124 67
2.1248 67
2.1256 67
2.1264 67
2.1272 67
2.128 67
2.1288 67
2.1296 67
2.1304 67
2.1312 67
2.132 67
2.1328 67
2.1336 67
2.1344 67
2.1352 67
2.136 67
2.1368 67
2.1376 67
2.1384 67
2.1392 67
2.14 67
2.1408 67
2.1416 67
2.1424 67
2.1432 67
2.144 67
2.1448 67
2.1456 67
2.1464 67
2.1472 67
2.148 67
2.1488 67
2.1496 67
2.1504 67
2.1512 67
2.152 67
2.1528 67
2.1536 67
2.1544 67
2.1552 67
2.156 67
2.1568 67
2.1576 67
2.1584 68
2.1592 68
2.16 68
2.1608 68
2.1616 68
2.1624 68
2.1632 68
2.164 68
2.1648 68
2.1656 68
2.1664 68
2.1672 68
2.168 68
2.1688 68
2.1696 68
2.1704 68
2.1712 68
2.172 68
2.1728 69
2.1736 69
2.1744 69
2.1752 69
2.176 69
2.1768 69
2.1776 69
2.1784 69
2.1792 69
2.18 69
2.1808 69
2.1816 69
2.1824 69
2.1832 69
2.184 69
2.1848 69
2.1856 69
2.1864 69
2.1872 69
2.188 69
2.1888 69
2.1896 69
2.1904 69
2.1912 69
2.192 69
2.1928 69
2.1936 69
2.1944 69
2.1952 69
2.196 69
2.1968 69
2.1976 69
2.1984 69
2.1992 69
2.2 69
2.2008 69
2.2016 69
2.2024 69
2.2032 69
2.204 69
2.2048 69
2.2056 69
2.2064 69
2.2072 69
2.208 69
2.2088 69
2.2096 69
2.2104 69
2.2112 69
2.212 69
2.2128 69
2.2136 69
2.2144 69
2.2152 69
2.216 69
2.2168 69
2.2176 69
2.2184 69
2.2192 69
2.22 69
2.2208 69
2.2216 69
2.2224 69
2.2232 69
2.224 69
2.2248 69
2.2256 69
2.2264 69
2.2272 69
2.228 69
2.2288 69
2.2296 69
2.2304 69
2.2312 69
2.232 69
2.2328 69
2.2336 69
2.2344 70
2.2352 70
2.236 70
2.2368 70
2.2376 70
2.2384 70
2.2392 70
2.24 70
2.2408 70
2.2416 70
2.2424 70
2.2432 70
2.244 70
2.2448 70
2.2456 70
2.2464 70
2.2472 70
2.248 70
2.2488 70
2.2496 71
2.2504 71
2.2512 71
2.252 71
2.2528 71
2.2536 71
2.2544 71
2.2552 71
2.256 71
2.2568 71
2.2576 71
2.2584 71
2.2592 71
2.26 71
2.2608 71
2.2616 71
2.2624 71
2.2632 71
2.264 71
2.2648 71
2.2656 71
2.2664 71
2.2672 71
2.268 71
2.2688 71
2.2696 71
2.2704 71
2.2712 71
2.272 71
2.2728 71
2.2736 71
2.2744 71
2.2752 71
2.276 71
2.2768 71
2.2776 71
2.2784 71
2.2792 71
2.28 71
2.2808 71
2.2816 71
2.2824 71
2.2832 71
2.284 71
2.2848 71
2.2856 71
2.2864 71
2.2872 71
2.288 71
2.2888 71
2.2896 71
2.2904 71
2.2912 71
2.292 71
2.2928 71
2.2936 71
2.2944 71
2.2952 71
2.296 71
2.2968 71
2.2976 71
2.2984 71
2.2992 71
2.3 71
2.3008 71
2.3016 71
2.3024 71
2.3032 71
2.304 71
2.3048 71
2.3056 71
2.3064 71
2.3072 71
2.308 71
2.3088 71
2.3096 71
2.3104 71
2.3112 71
2.312 72
2.3128 72
2.3136 72
2.3144 72
2.3152 72
2.316 72
2.3168 72
2.3176 72
2.3184 72
2.3192 72
2.32 72
2.3208 72
2.3216 72
2.3224 72
2.3232 72
2.324 72
2.3248 72
2.3256 72
2.3264 72
2.3272 72
2.328 73
2.3288 73
2.3296 73
2.3304 73
2.3312 73
2.332 73
2.3328 73
2.3336 73
2.3344 73
2.3352 73
2.336 73
2.3368 73
2.3376 73
2.3384 73
2.3392 73
2.34 73
2.3408 73
2.3416 73
2.3424 73
2.3432 73
2.344 73
2.3448 73
2.3456 73
2.3464 73
2.3472 73
2.348 73
2.3488 73
2.3496 73
2.3504 73
2.3512 73
2.352 73
2.3528 73
2.3536 73
2.3544 73
2.3552 73
2.356 73
2.3568 73
2.3576 73
2.3584 73
2.3592 73
2.36 73
2.3608 73
2.3616 73
2.3624 73
2.3632 73
2.364 73
2.3648 73
2.3656 73
2.3664 73
2.3672 73
2.368 73
2.3688 73
2.3696 73
2.3704 73
2.3712 73
2.372 73
2.3728 73
2.3736 73
2.3744 73
2.3752 73
2.376 73
2.3768 73
2.3776 73
2.3784 73
2.3792 73
2.38 73
2.3808 73
2.3816 73
2.3824 73
2.3832 73
2.384 73
2.3848 73
2.3856 73
2.3864 73
2.3872 73
2.388 73
2.3888 73
2.3896 73
2.3904 73
2.3912 73
2.392 72
2.3928 71
2.3936 71
2.3944 71
2.3952 71
2.396 71
2.3968 71
2.3976 71
2.3984 71
2.3992 71
2.4 71
2.4008 71
2.4016 71
2.4024 71
2.4032 71
2.404 71
2.4048 71
2.4056 71
2.4064 71
2.4072 71
2.408 72
2.4088 72
2.4096 72
2.4104 72
2.4112 72
2.412 72
2.4128 72
2.4136 72
2.4144 72
2.4152 72
2.416 72
2.4168 72
2.4176 72
2.4184 72
2.4192 72
2.42 72
2.4208 71
2.4216 70
2.4224 69
2.4232 68
2.424 67
2.4248 66
2.4256 65
2.4264 64
2.4272 63
2.428 62
2.4288 61
2.4296 60
2.4304 59
2.4312 58
2.432 57
2.4328 56
2.4336 55
2.4344 54
2.4352 53
2.436 52
2.4368 51
2.4376 50
2.4384 49
2.4392 48
2.44 47
2.4408 46
2.4416 45
2.4424 44
2.4432 44
2.444 44
2.4448 44
2.4456 43
2.4464 42
2.4472 41
2.448 40
2.4488 39
2.4496 38
2.4504 37
2.4512 36
2.452 35
2.4528 34
2.4536 33
2.4544 32
2.4552 31
2.456 30
2.4568 29
2.4576 28
2.4584 27
2.4592 26
2.46 25
2.4608 24
2.4616 23
2.4624 22
2.4632 21
2.464 20
2.4648 19
2.4656 18
2.4664 17
2.4672 16
2.468 15
2.4688 14
2.4696 13
2.4704 12
2.4712 11
2.472 11
2.4728 11
2.4736 11
2.4744 11
2.4752 11
2.476 11
2.4768 11
2.4776 11
2.4784 11
2.4792 11
2.48 11
2.4808 11
2.4816 11
2.4824 11
2.4832 11
2.484 11
2.4848 11
2.4856 11
2.4864 11
2.4872 12
2.488 12
2.4888 12
2.4896 12
2.4904 12
2.4912 12
2.492 12
2.4928 12
2.4936 12
2.4944 12
2.4952 12
2.496 12
2.4968 12
2.4976 12
2.4984 12
2.4992 12
2.5 12
2.5008 12
2.5016 12
2.5024 12
2.5032 12
2.504 12
2.5048 12
2.5056 12
2.5064 12
2.5072 12
2.508 12
2.5088 12
2.5096 12
2.5104 12
2.5112 12
2.512 12
2.5128 12
2.5136 12
2.5144 12
2.5152 12
2.516 12
2.5168 12
2.5176 12
2.5184 13
2.5192 13
2.52 13
2.5208 13
2.5216 13
2.5224 13
2.5232 13
2.524 13
2.5248 13
2.5256 13
2.5264 13
2.5272 13
2.528 13
2.5288 13
2.5296 13
2.5304 13
2.5312 13
2.532 13
2.5328 13
2.5336 13
2.5344 13
2.5352 13
2.536 13
2.5368 13
2.5376 13
2.5384 13
2.5392 13
2.54 13
2.5408 13
2.5416 13
2.5424 13
2.5432 13
2.544 13
2.5448 13
2.5456 13
2.5464 13
2.5472 13
2.548 13
2.5488 13
2.5496 13
2.5504 14
2.5512 14
2.552 14
2.5528 14
2.5536 14
2.5544 14
2.5552 14
2.556 14
2.5568 14
2.5576 14
2.5584 14
2.5592 14
2.56 14
2.5608 14
2.5616 14
2.5624 14
2.5632 14
2.564 14
2.5648 14
2.5656 14
2.5664 14
2.5672 14
2.568 14
2.5688 14
2.5696 14
2.5704 14
2.5712 14
2.572 14
2.5728 14
2.5736 14
2.5744 14
2.5752 14
2.576 14
2.5768 14
2.5776 14
2.5784 14
2.5792 14
2.58 14
2.5808 14
2.5816 14
2.5824 14
2.5832 15
2.584 15
2.5848 15
2.5856 15
2.5864 15
2.5872 15
2.588 15
2.5888 15
2.5896 15
2.5904 15
2.5912 15
2.592 15
2.5928 15
2.5936 15
2.5944 15
2.5952 15
2.596 15
2.5968 15
2.5976 15
2.5984 15
2.5992 15
2.6 15
2.6008 15
2.6016 15
2.6024 15
2.6032 15
2.604 15
2.6048 15
2.6056 15
2.6064 15
2.6072 15
2.608 15
2.6088 15
2.6096 15
2.6104 15
2.6112 15
2.612 15
2.6128 15
2.6136 15
2.6144 15
2.6152 15
2.616 15
2.6168 16
2.6176 16
2.6184 16
2.6192 16
2.62 16
2.6208 16
2.6216 16
2.6224 16
2.6232 16
2.624 16
2.6248 16
2.6256 16
2.6264 16
2.6272 16
2.628 16
2.6288 16
2.6296 16
2.6304 16
2.6312 16
2.632 16
2.6328 16
2.6336 16
2.6344 16
2.6352 16
2.636 16
2.6368 16
2.6376 16
2.6384 16
2.6392 16
2.64 16
2.6408 16
2.6416 16
2.6424 16
2.6432 16
2.644 16
2.6448 16
2.6456 16
2.6464 16
2.6472 16
2.648 16
2.6488 16
2.6496 16
2.6504 16
2.6512 17
2.652 17
2.6528 17
2.6536 17
2.6544 17
2.6552 17
2.656 17
2.6568 17
2.6576 17
2.6584 17
2.6592 17
2.66 17
2.6608 17
2.6616 17
2.6624 17
2.6632 17
2.664 17
2.6648 17
2.6656 17
2.6664 17
2.6672 17
2.668 17
2.6688 17
2.6696 17
2.6704 17
2.6712 17
2.672 17
2.6728 17
2.6736 17
2.6744 17
2.6752 17
2.676 17
2.6768 17
2.6776 17
2.6784 17
2.6792 17
2.68 17
2.6808 17
2.6816 17
2.6824 17
2.6832 17
2.684 17
2.6848 17
2.6856 17
2.6864 18
2.6872 18
2.688 18
2.6888 18
2.6896 18
2.6904 18
2.6912 18
2.692 18
2.6928 18
2.6936 18
2.6944 18
2.6952 18
2.696 18
2.6968 18
2.6976 18
2.6984 18
2.6992 18
2.7 18
2.7008 18
2.7016 18
2.7024 18
2.7032 18
2.704 18
2.7048 18
2.7056 18
2.7064 18
2.7072 18
2.708 18
2.7088 18
2.7096 18
2.7104 18
2.7112 18
2.712 18
2.7128 18
2.7136 18
2.7144 18
2.7152 18
2.716 18
2.7168 18
2.7176 18
2.7184 18
2.7192 18
2.72 18
2.7208 18
2.7216 18
2.7224 19
2.7232 19
2.724 19
2.7248 19
2.7256 19
2.7264 19
2.7272 19
2.728 19
2.7288 19
2.7296 19
2.7304 19
2.7312 19
2.732 19
2.7328 19
2.7336 19
2.7344 19
2.7352 19
2.736 19
2.7368 18
2.7376 18
2.7384 18
2.7392 18
2.74 18
2.7408 18
2.7416 18
2.7424 18
2.7432 18
2.744 18
2.7448 18
2.7456 18
2.7464 18
2.7472 18
2.748 18
2.7488 18
2.7496 18
2.7504 18
2.7512 18
2.752 18
2.7528 18
2.7536 18
2.7544 18
2.7552 18
2.756 18
2.7568 18
2.7576 18
2.7584 18
2.7592 19
2.76 19
2.7608 19
2.7616 19
2.7624 19
2.7632 19
2.764 19
2.7648 19
2.7656 19
2.7664 19
2.7672 19
2.768 19
2.7688 19
2.7696 19
2.7704 19
2.7712 19
2.772 19
2.7728 18
2.7736 18
2.7744 18
2.7752 18
2.776 18
2.7768 18
2.7776 18
2.7784 18
2.7792 18
2.78 18
2.7808 18
2.7816 18
2.7824 18
2.7832 18
2.784 18
2.7848 18
2.7856 18
2.7864 18
2.7872 18
2.788 18
2.7888 18
2.7896 18
2.7904 18
2.7912 18
2.792 18
2.7928 18
2.7936 18
2.7944 18
2.7952 18
2.796 19
2.7968 19
2.7976 19
2.7984 19
2.7992 19
2.8 19
2.8008 19
2.8016 19
2.8024 19
2.8032 19
2.804 19
2.8048 19
2.8056 19
2.8064 19
2.8072 19
2.808 19
2.8088 19
2.8096 19
2.8104 19
2.8112 19
2.812 19
2.8128 19
2.8136 19
2.8144 19
2.8152 19
2.816 19
2.8168 19
2.8176 19
2.8184 18
2.8192 17
2.82 16
2.8208 15
2.8216 14
2.8224 13
2.8232 12
2.824 11
2.8248 10
2.8256 9
2.8264 8
2.8272 7
2.828 6
2.8288 5
2.8296 4
2.8304 3
2.8312 2
2.832 1
2.8328 0
2.8448 0
2.8656 0
2.8864 0
2.9072 0
2.928 0
2.9488 0
2.9696 0
2.972 0
2.9904 0
2.9928 0
2.9936 0
3.0112 0
3.0136 0
3.0144 0
3.0152 1
3.016 0
3.032 0
3.0344 0
3.0352 0
3.036 1
3.0368 2
3.0376 3
3.0384 2
3.0392 1
3.04 0
3.0528 0
3.0552 0
3.056 0
3.0568 1
3.0576 2
3.0584 3
3.0592 4
3.06 5
3.0608 6
3.0616 7
3.0624 6
3.0632 5
3.064 4
3.0648 3
3.0656 2
3.0664 1
3.0672 0
3.0736 0
3.076 0
3.0768 0
3.0776 1
3.0784 2
3.0792 3
3.08 4
3.0808 5
3.0816 6
3.0824 7
3.0832 8
3.084 9
3.0848 10
3.0856 11
3.0864 12
3.0872 13
3.088 14
3.0888 15
3.0896 14
3.0904 13
3.0912 12
3.092 11
3.0928 10
3.0936 9
3.0944 9
3.0952 8
3.096 7
3.0968 6
3.0976 7
3.0984 8
3.0992 9
3.1 10
3.1008 11
3.1016 12
3.1024 13
3.1032 14
3.104 15
3.1048 16
3.1056 17
3.1064 18
3.1072 19
3.108 20
3.1088 21
3.1096 22
3.1104 23
3.1112 24
3.112 24
3.1128 24
3.1136 24
3.1144 24
3.1152 24
3.116 24
3.1168 24
3.1176 24
3.1184 24
3.1192 24
3.12 24
3.1208 24
3.1216 24
3.1224 24
3.1232 24
3.124 24
3.1248 24
3.1256 24
3.1264 24
3.1272 24
3.128 24
3.1288 24
3.1296 24
3.1304 24
3.1312 24
3.132 24
3.1328 24
3.1336 24
3.1344 24
3.1352 24
3.136 24
3.1368 24
3.1376 24
3.1384 24
3.1392 24
3.14 24
3.1408 24
3.1416 24
3.1424 24
3.1432 24
3.144 24
3.1448 24
3.1456 24
3.1464 24
3.1472 24
3.148 24
3.1488 24
3.1496 24
3.1504 24
3.1512 24
3.152 25
3.1528 25
3.1536 25
3.1544 25
3.1552 25
3.156 25
3.1568 25
3.1576 25
3.1584 25
3.1592 25
3.16 25
3.1608 25
3.1616 25
3.1624 25
3.1632 25
3.164 25
3.1648 25
3.1656 25
3.1664 25
3.1672 25
3.168 25
3.1688 25
3.1696 25
3.1704 25
3.1712 25
3.172 25
3.1728 25
3.1736 25
3.1744 25
3.1752 25
3.176 25
3.1768 25
3.1776 25
3.1784 25
3.1792 25
3.18 25
3.1808 25
3.1816 25
3.1824 25
3.1832 25
3.184 25
3.1848 25
3.1856 25
3.1864 25
3.1872 25
3.188 25
3.1888 25
3.1896 25
3.1904 25
3.1912 25
3.192 25
3.1928 25
3.1936 26
3.1944 26
3.1952 26
3.196 26
3.1968 26
3.1976 26
3.1984 26
3.1992 26
3.2 26
3.2008 26
3.2016 26
3.2024 26
3.2032 26
3.204 26
3.2048 26
3.2056 26
3.2064 26
3.2072 26
3.208 26
3.2088 26
3.2096 26
3.2104 26
3.2112 26
3.212 26
3.2128 26
3.2136 26
3.2144 26
3.2152 26
3.216 26
3.2168 26
3.2176 26
3.2184 26
3.2192 26
3.22 26
3.2208 26
3.2216 26
3.2224 26
3.2232 26
3.224 26
3.2248 26
3.2256 26
3.2264 26
3.2272 26
3.228 26
3.2288 26
3.2296 26
3.2304 26
3.2312 26
3.232 26
3.2328 26
3.2336 26
3.2344 26
3.2352 26
3.236 27
3.2368 27
3.2376 27
3.2384 27
3.2392 27
3.24 27
3.2408 27
3.2416 27
3.2424 27
3.2432 27
3.244 27
3.2448 27
3.2456 27
3.2464 27
3.2472 27
3.248 27
3.2488 27
3.2496 27
3.2504 27
3.2512 27
3.252 27
3.2528 27
3.2536 27
3.2544 27
3.2552 27
3.256 27
3.2568 27
3.2576 27
3.2584 27
3.2592 27
3.26 27
3.2608 27
3.2616 27
3.2624 27
3.2632 27
3.264 27
3.2648 27
3.2656 27
3.2664 27
3.2672 27
3.268 27
3.2688 27
3.2696 27
3.2704 27
3.2712 27
3.272 27
3.2728 27
3.2736 27
3.2744 27
3.2752 27
3.276 27
3.2768 27
3.2776 27
3.2784 27
3.2792 28
3.28 28
3.2808 28
3.2816 28
3.2824 28
3.2832 28
3.284 28
3.2848 28
3.2856 28
3.2864 28
3.2872 28
3.288 28
3.2888 28
3.2896 28
3.2904 28
3.2912 28
3.292 28
3.2928 28
3.2936 28
3.2944 28
3.2952 28
3.296 28
3.2968 28
3.2976 28
3.2984 28
3.2992 28
3.3 28
3.3008 28
3.3016 28
3.3024 28
3.3032 28
3.304 28
3.3048 28
3.3056 28
3.3064 28
3.3072 28
3.308 28
3.3088 28
3.3096 28
3.3104 28
3.3112 28
3.312 28
3.3128 28
3.3136 28
3.3144 28
3.3152 28
3.316 28
3.3168 28
3.3176 28
3.3184 28
3.3192 28
3.32 28
3.3208 28
3.3216 28
3.3224 28
3.3232 29
3.324 29
3.3248 29
3.3256 29
3.3264 29
3.3272 29
3.328 29
3.3288 29
3.3296 29
3.3304 29
3.3312 29
3.332 29
3.3328 29
3.3336 29
3.3344 29
3.3352 29
3.336 29
3.3368 29
3.3376 29
3.3384 29
3.3392 29
3.34 29
3.3408 29
3.3416 29
3.3424 29
3.3432 29
3.344 29
3.3448 29
3.3456 29
3.3464 29
3.3472 29
3.348 29
3.3488 29
3.3496 29
3.3504 29
3.3512 29
3.352 29
3.3528 29
3.3536 29
3.3544 29
3.3552 29
3.356 29
3.3568 29
3.3576 29
3.3584 29
3.3592 29
3.36 29
3.3608 29
3.3616 29
3.3624 29
3.3632 29
3.364 29
3.3648 29
3.3656 29
3.3664 29
3.3672 29
3.368 30
3.3688 30
3.3696 30
3.3704 30
3.3712 30
3.372 30
3.3728 30
3.3736 30
3.3744 30
3.3752 30
3.376 30
3.3768 30
3.3776 30
3.3784 30
3.3792 30
3.38 30
3.3808 30
3.3816 30
3.3824 30
3.3832 30
3.384 30
3.3848 30
3.3856 30
3.3864 30
3.3872 30
3.388 30
3.3888 30
3.3896 30
3.3904 30
3.3912 30
3.392 30
3.3928 30
3.3936 30
3.3944 30
3.3952 30
3.396 30
3.3968 30
3.3976 30
3.3984 30
3.3992 30
3.4 30
3.4008 30
3.4016 30
3.4024 30
3.4032 30
3.404 30
3.4048 30
3.4056 30
3.4064 30
3.4072 30
3.408 30
3.4088 30
3.4096 30
3.4104 30
3.4112 30
3.412 30
3.4128 30
3.4136 31
3.4144 31
3.4152 31
3.416 31
3.4168 31
3.4176 31
3.4184 31
3.4192 31
3.42 31
3.4208 31
3.4216 31
3.4224 31
3.4232 31
3.424 31
3.4248 31
3.4256 31
3.4264 31
3.4272 31
3.428 31
3.4288 31
3.4296 31
3.4304 31
3.4312 31
3.432 31
3.4328 31
3.4336 31
3.4344 31
3.4352 31
3.436 31
3.4368 31
3.4376 31
3.4384 31
3.4392 31
3.44 31
3.4408 31
3.4416 31
3.4424 31
3.4432 31
3.444 31
3.4448 31
3.4456 31
3.4464 31
3.4472 31
3.448 31
3.4488 31
3.4496 31
3.4504 31
3.4512 31
3.452 31
3.4528 31
3.4536 31
3.4544 31
3.4552 31
3.456 31
3.4568 31
3.4576 31
3.4584 31
3.4592 31
3.46 32
3.4608 32
3.4616 32
3.4624 32
3.4632 32
3.464 32
3.4648 32
3.4656 32
3.4664 32
3.4672 32
3.468 32
3.4688 32
3.4696 32
3.4704 32
3.4712 32
3.472 32
3.4728 32
3.4736 32
3.4744 32
3.4752 32
3.476 32
3.4768 32
3.4776 32
3.4784 32
3.4792 32
3.48 32
3.4808 32
3.4816 32
3.4824 32
3.4832 32
3.484 32
3.4848 32
3.4856 32
3.4864 32
3.4872 32
3.488 32
3.4888 32
3.4896 32
3.4904 32
3.4912 32
3.492 32
3.4928 32
3.4936 32
3.4944 32
3.4952 32
3.496 32
3.4968 32
3.4976 32
3.4984 32
3.4992 32
3.5 32
3.5008 32
3.5016 32
3.5024 32
3.5032 32
3.504 32
3.5048 32
3.5056 32
3.5064 32
3.5072 33
3.508 33
3.5088 33
3.5096 33
3.5104 33
3.5112 33
3.512 33
3.5128 33
3.5136 33
3.5144 33
3.5152 33
3.516 33
3.5168 33
3.5176 33
3.5184 33
3.5192 33
3.52 33
3.5208 33
3.5216 33
3.5224 33
3.5232 33
3.524 33
3.5248 33
3.5256 33
3.5264 33
3.5272 33
3.528 33
3.5288 33
3.5296 33
3.5304 33
3.5312 33
3.532 33
3.5328 33
3.5336 33
3.5344 33
3.5352 33
3.536 33
3.5368 33
3.5376 33
3.5384 33
3.5392 33
3.54 33
3.5408 33
3.5416 33
3.5424 33
3.5432 33
3.544 33
3.5448 33
3.5456 33
3.5464 33
3.5472 33
3.548 33
3.5488 33
3.5496 33
3.5504 33
3.5512 33
3.552 33
3.5528 33
3.5536 33
3.5544 33
3.5552 34
3.556 34
3.5568 34
3.5576 34
3.5584 34
3.5592 34
3.56 34
3.5608 34
3.5616 34
3.5624 34
3.5632 34
3.564 34
3.5648 34
3.5656 34
3.5664 34
3.5672 34
3.568 34
3.5688 34
3.5696 34
3.5704 34
3.5712 34
3.572 34
3.5728 34
3.5736 34
3.5744 34
3.5752 34
3.576 34
3.5768 34
3.5776 34
3.5784 34
3.5792 34
3.58 34
3.5808 34
3.5816 34
3.5824 34
3.5832 34
3.584 34
3.5848 34
3.5856 34
3.5864 34
3.5872 34
3.588 34
3.5888 34
3.5896 34
3.5904 34
3.5912 34
3.592 34
3.5928 34
3.5936 34
3.5944 34
3.5952 34
3.596 34
3.5968 34
3.5976 34
3.5984 34
3.5992 34
3.6 34
3.6008 34
3.6016 34
3.6024 34
3.6032 34
3.604 35
3.6048 35
3.6056 35
3.6064 35
3.6072 35
3.608 35
3.6088 35
3.6096 35
3.6104 35
3.6112 35
3.612 35
3.6128 35
3.6136 35
3.6144 35
3.6152 35
3.616 35
3.6168 35
3.6176 35
3.6184 35
3.6192 35
3.62 35
3.6208 35
3.6216 35
3.6224 35
3.6232 35
3.624 35
3.6248 35
3.6256 35
3.6264 35
3.6272 35
3.628 35
3.6288 35
3.6296 35
3.6304 35
3.6312 35
3.632 35
3.6328 35
3.6336 35
3.6344 35
3.6352 35
3.636 35
3.6368 35
3.6376 35
3.6384 35
3.6392 35
3.64 35
3.6408 35
3.6416 35
3.6424 35
3.6432 35
3.644 35
3.6448 35
3.6456 35
3.6464 35
3.6472 35
3.648 35
3.6488 35
3.6496 35
3.6504 35
3.6512 35
3.652 35
3.6528 35
3.6536 36
3.6544 36
3.6552 36
3.656 36
3.6568 36
3.6576 36
3.6584 36
3.6592 36
3.66 36
3.6608 36
3.6616 36
3.6624 36
3.6632 36
3.664 36
3.6648 36
3.6656 36
3.6664 36
3.6672 36
3.668 36
3.6688 36
3.6696 36
3.6704 36
3.6712 36
3.672 36
3.6728 36
3.6736 36
3.6744 36
3.6752 36
3.676 36
3.6768 36
3.6776 36
3.6784 36
3.6792 36
3.68 36
3.6808 36
3.6816 36
3.6824 36
3.6832 36
3.684 36
3.6848 36
3.6856 36
3.6864 36
3.6872 36
3.688 36
3.6888 36
3.6896 36
3.6904 36
3.6912 36
3.692 36
3.6928 36
3.6936 36
3.6944 36
3.6952 36
3.696 36
3.6968 36
3.6976 36
3.6984 36
3.6992 36
3.7 36
3.7008 36
3.7016 36
3.7024 36
3.7032 36
3.704 37
3.7048 37
3.7056 37
3.7064 37
3.7072 37
3.708 37
3.7088 37
3.7096 37
3.7104 37
3.7112 37
3.712 37
3.7128 37
3.7136 37
3.7144 37
3.7152 37
3.716 37
3.7168 37
3.7176 37
3.7184 37
3.7192 37
3.72 37
3.7208 37
3.7216 37
3.7224 37
3.7232 37
3.724 37
3.7248 37
3.7256 37
3.7264 37
3.7272 37
3.728 37
3.7288 37
3.7296 37
3.7304 37
3.7312 37
3.732 37
3.7328 37
3.7336 37
3.7344 37
3.7352 37
3.736 37
3.7368 37
3.7376 37
3.7384 37
3.7392 37
3.74 37
3.7408 37
3.7416 37
3.7424 37
3.7432 37
3.744 37
3.7448 37
3.7456 37
3.7464 37
3.7472 37
3.748 37
3.7488 37
3.7496 37
3.7504 37
3.7512 37
3.752 37
3.7528 36
3.7536 35
3.7544 34
3.7552 33
3.756 32
3.7568 31
3.7576 30
3.7584 29
3.7592 28
3.76 27
3.7608 26
3.7616 25
3.7624 24
3.7632 23
3.764 22
3.7648 21
3.7656 20
3.7664 19
3.7672 19
3.768 18
3.7688 17
3.7696 16
3.7704 15
3.7712 14
3.772 13
3.7728 12
3.7736 11
3.7744 10
3.7752 9
3.776 8
3.7768 7
3.7776 6
3.7784 5
3.7792 4
3.78 3
3.7808 2
3.7816 1
3.7824 0
3.8032 0
3.824 0
3.8448 0
3.8656 0
3.8864 0
3.9072 0
3.928 0
3.9488 0
3.9696 0
3.9904 0
4.0112 0
4.032 0
4.0528 0
4.0736 0
4.0944 0
4.1152 0
4.136 0
4.3568 0
4.3776 0
4.3784 0
4.3984 0
4.3992 1
4.4 1
4.4008 0
4.4192 0
4.42 0
4.4208 1
4.4216 2
4.4224 3
4.4232 2
4.424 1
4.4248 0
4.44 0
4.4408 0
4.4416 1
4.4424 2
4.4432 3
4.444 4
4.4448 5
4.4456 6
4.4464 7
4.4472 6
4.448 5
4.4488 4
4.4496 3
4.4504 2
4.4512 1
4.452 0
4.4608 0
4.4616 0
4.4624 1
4.4632 2
4.464 3
4.4648 4
4.4656 5
4.4664 6
4.4672 7
4.468 8
4.4688 9
4.4696 10
4.4704 11
4.4712 12
4.472 13
4.4728 14
4.4736 15
4.4744 14
4.4752 13
4.476 12
4.4768 11
4.4776 10
4.4784 9
4.4792 8
4.48 7
4.4808 6
4.4816 5
4.4824 6
4.4832 7
4.484 8
4.4848 9
4.4856 10
4.4864 11
4.4872 12
4.488 13
4.4888 14
4.4896 15
4.4904 16
4.4912 17
4.492 18
4.4928 19
4.4936 20
4.4944 21
4.4952 22
4.496 23
4.4968 23
4.4976 23
4.4984 23
4.4992 23
4.5 23
4.5008 23
4.5016 23
4.5024 23
4.5032 23
4.504 23
4.5048 23
4.5056 23
4.5064 23
4.5072 23
4.508 23
4.5088 23
4.5096 23
4.5104 23
4.5112 23
4.512 23
4.5128 23
4.5136 23
4.5144 23
4.5152 23
4.516 23
4.5168 23
4.5176 23
4.5184 23
4.5192 23
4.52 23
4.5208 23
4.5216 23
4.5224 23
4.5232 23
4.524 23
4.5248 23
4.5256 23
4.5264 23
4.5272 23
4.528 23
4.5288 23
4.5296 23
4.5304 23
4.5312 23
4.532 23
4.5328 23
4.5336 23
4.5344 23
4.5352 23
4.536 24
4.5368 24
4.5376 24
4.5384 24
4.5392 24
4.54 24
4.5408 24
4.5416 24
4.5424 24
4.5432 24
4.544 24
4.5448 24
4.5456 24
4.5464 24
4.5472 24
4.548 24
4.5488 24
4.5496 24
4.5504 24
4.5512 24
4.552 24
4.5528 24
4.5536 24
4.5544 24
4.5552 24
4.556 24
4.5568 24
4.5576 24
4.5584 24
4.5592 24
4.56 24
4.5608 24
4.5616 24
4.5624 24
4.5632 24
4.564 24
4.5648 24
4.5656 24
4.5664 24
4.5672 24
4.568 24
4.5688 24
4.5696 24
4.5704 24
4.5712 24
4.572 24
4.5728 24
4.5736 24
4.5744 24
4.5752 24
4.576 24
4.5768 25
4.5776 25
4.5784 25
4.5792 25
4.58 25
4.5808 25
4.5816 25
4.5824 25
4.5832 25
4.584 25
4.5848 25
4.5856 25
4.5864 25
4.5872 25
4.588 25
4.5888 25
4.5896 25
4.5904 25
4.5912 25
4.592 25
4.5928 25
4.5936 25
4.5944 25
4.5952 25
4.596 25
4.5968 25
4.5976 25
4.5984 25
4.5992 25
4.6 25
4.6008 25
4.6016 25
4.6024 25
4.6032 25
4.604 25
4.6048 25
4.6056 25
4.6064 25
4.6072 25
4.608 25
4.6088 25
4.6096 25
4.6104 25
4.6112 25
4.612 25
4.6128 25
4.6136 25
4.6144 25
4.6152 25
4.616 25
4.6168 25
4.6176 25
4.6184 26
4.6192 26
4.62 26
4.6208 26
4.6216 26
4.6224 26
4.6232 26
4.624 26
4.6248 26
4.6256 26
4.6264 26
4.6272 26
4.628 26
4.6288 26
4.6296 26
4.6304 26
4.6312 26
4.632 26
4.6328 26
4.6336 26
4.6344 26
4.6352 26
4.636 26
4.6368 26
4.6376 26
4.6384 26
4.6392 26
4.64 26
4.6408 26
4.6416 26
4.6424 26
4.6432 26
4.644 26
4.6448 26
4.6456 26
4.6464 26
4.6472 26
4.648 26
4.6488 26
4.6496 26
4.6504 26
4.6512 26
4.652 26
4.6528 26
4.6536 26
4.6544 26
4.6552 26
4.656 26
4.6568 26
4.6576 26
4.6584 26
4.6592 26
4.66 26
4.6608 27
4.6616 27
4.6624 27
4.6632 27
4.664 27
4.6648 27
4.6656 27
4.6664 27
4.6672 27
4.668 27
4.6688 27
4.6696 27
4.6704 27
4.6712 27
4.672 27
4.6728 27
4.6736 27
4.6744 27
4.6752 27
4.676 27
4.6768 27
4.6776 27
4.6784 27
4.6792 27
4.68 27
4.6808 27
4.6816 27
4.6824 27
4.6832 27
4.684 27
4.6848 27
4.6856 27
4.6864 27
4.6872 27
4.688 27
4.6888 27
4.6896 27
4.6904 27
4.6912 27
4.692 27
4.6928 27
4.6936 27
4.6944 27
4.6952 27
4.696 27
4.6968 27
4.6976 27
4.6984 27
4.6992 27
4.7 27
4.7008 27
4.7016 27
4.7024 27
4.7032 27
4.704 28
4.7048 28
4.7056 28
4.7064 28
4.7072 28
4.708 28
4.7088 28
4.7096 28
4.7104 28
4.7112 28
4.712 28
4.7128 28
4.7136 28
4.7144 28
4.7152 28
4.716 28
4.7168 28
4.7176 28
4.7184 28
4.7192 28
4.72 28
4.7208 28
4.7216 28
4.7224 28
4.7232 28
4.724 28
4.7248 28
4.7256 28
4.7264 28
4.7272 28
4.728 28
4.7288 28
4.7296 28
4.7304 28
4.7312 28
4.732 28
4.7328 28
4.7336 28
4.7344 28
4.7352 28
4.736 28
4.7368 28
4.7376 28
4.7384 28
4.7392 28
4.74 28
4.7408 28
4.7416 28
4.7424 28
4.7432 28
4.744 28
4.7448 28
4.7456 28
4.7464 28
4.7472 28
4.748 29
4.7488 29
4.7496 29
4.7504 29
4.7512 29
4.752 29
4.7528 29
4.7536 29
4.7544 29
4.7552 29
4.756 29
4.7568 29
4.7576 29
4.7584 29
4.7592 29
4.76 29
4.7608 29
4.7616 29
4.7624 29
4.7632 29
4.764 29
4.7648 29
4.7656 29
4.7664 29
4.7672 29
4.768 29
4.7688 29
4.7696 29
4.7704 29
4.7712 29
4.772 29
4.7728 29
4.7736 29
4.7744 29
4.7752 29
4.776 29
4.7768 29
4.7776 29
4.7784 29
4.7792 29
4.78 29
4.7808 29
4.7816 29
4.7824 29
4.7832 29
4.784 29
4.7848 29
4.7856 29
4.7864 29
4.7872 29
4.788 29
4.7888 29
4.7896 29
4.7904 29
4.7912 29
4.792 29
4.7928 30
4.7936 30
4.7944 30
4.7952 30
4.796 30
4.7968 30
4.7976 30
4.7984 30
4.7992 30
4.8 30
4.8008 30
4.8016 30
4.8024 30
4.8032 30
4.804 30
4.8048 30
4.8056 30
4.8064 30
4.8072 30
4.808 30
4.8088 30
4.8096 30
4.8104 30
4.8112 30
4.812 30
4.8128 30
4.8136 30
4.8144 30
4.8152 30
4.816 30
4.8168 30
4.8176 30
4.8184 30
4.8192 30
4.82 30
4.8208 30
4.8216 30
4.8224 30
4.8232 30
4.824 30
4.8248 30
4.8256 30
4.8264 30
4.8272 30
4.828 30
4.8288 30
4.8296 30
4.8304 30
4.8312 30
4.832 30
4.8328 30
4.8336 30
4.8344 30
4.8352 30
4.836 30
4.8368 30
4.8376 30
4.8384 31
4.8392 31
4.84 31
4.8408 31
4.8416 31
4.8424 31
4.8432 31
4.844 31
4.8448 31
4.8456 31
4.8464 31
4.8472 31
4.848 31
4.8488 31
4.8496 31
4.8504 31
4.8512 31
4.852 31
4.8528 31
4.8536 31
4.8544 31
4.8552 31
4.856 31
4.8568 31
4.8576 31
4.8584 31
4.8592 31
4.86 31
4.8608 31
4.8616 31
4.8624 31
4.8632 31
4.864 31
4.8648 31
4.8656 31
4.8664 31
4.8672 31
4.868 31
4.8688 31
4.8696 31
4.8704 31
4.8712 31
4.872 31
4.8728 31
4.8736 31
4.8744 31
4.8752 31
4.876 31
4.8768 31
4.8776 31
4.8784 31
4.8792 31
4.88 31
4.8808 31
4.8816 31
4.8824 31
4.8832 31
4.884 31
4.8848 32
4.8856 32
4.8864 32
4.8872 32
4.888 32
4.8888 32
4.8896 32
4.8904 32
4.8912 32
4.892 32
4.8928 32
4.8936 32
4.8944 32
4.8952 32
4.896 32
4.8968 32
4.8976 32
4.8984 32
4.8992 32
4.9 32
4.9008 32
4.9016 32
4.9024 32
4.9032 32
4.904 32
4.9048 32
4.9056 32
4.9064 32
4.9072 32
4.908 32
4.9088 32
4.9096 32
4.9104 32
4.9112 32
4.912 32
4.9128 32
4.9136 32
4.9144 32
4.9152 32
4.916 32
4.9168 32
4.9176 32
4.9184 32
4.9192 32
4.92 32
4.9208 32
4.9216 32
4.9224 32
4.9232 32
4.924 32
4.9248 32
4.9256 32
4.9264 32
4.9272 32
4.928 32
4.9288 32
4.9296 32
4.9304 32
4.9312 32
4.932 33
4.9328 33
4.9336 33
4.9344 33
4.9352 33
4.936 33
4.9368 33
4.9376 33
4.9384 33
4.9392 33
4.94 33
4.9408 33
4.9416 33
4.9424 33
4.9432 33
4.944 33
4.9448 33
4.9456 33
4.9464 33
4.9472 33
4.948 33
4.9488 33
4.9496 33
4.9504 33
4.9512 33
4.952 33
4.9528 33
4.9536 33
4.9544 33
4.9552 33
4.956 33
4.9568 33
4.9576 33
4.9584 33
4.9592 33
4.96 33
4.9608 33
4.9616 33
4.9624 33
4.9632 33
4.964 33
4.9648 33
4.9656 33
4.9664 33
4.9672 33
4.968 33
4.9688 33
4.9696 33
4.9704 33
4.9712 33
4.972 33
4.9728 33
4.9736 33
4.9744 33
4.9752 33
4.976 33
4.9768 33
4.9776 33
4.9784 33
4.9792 33
4.98 34
4.9808 34
4.9816 34
4.9824 34
4.9832 34
4.984 34
4.9848 34
4.9856 34
4.9864 34
4.9872 34
4.988 34
4.9888 34
4.9896 34
4.9904 34
4.9912 34
4.992 34
4.9928 34
4.9936 34
4.9944 34
4.9952 34
4.996 34
4.9968 34
4.9976 34
4.9984 34
4.9992 34
5.0 34
5.0008 34
5.0016 34
5.0024 34
5.0032 34
5.004 34
5.0048 34
5.0056 34
5.0064 34
5.0072 34
5.008 34
5.0088 34
5.0096 34
5.0104 34
5.0112 34
5.012 34
5.0128 34
5.0136 34
5.0144 34
5.0152 34
5.016 34
5.0168 34
5.0176 34
5.0184 34
5.0192 34
5.02 34
5.0208 34
5.0216 34
5.0224 34
5.0232 34
5.024 34
5.0248 34
5.0256 34
5.0264 34
5.0272 34
5.028 34
5.0288 35
5.0296 35
5.0304 35
5.0312 35
5.032 35
5.0328 35
5.0336 35
5.0344 35
5.0352 35
5.036 35
5.0368 35
5.0376 35
5.0384 35
5.0392 35
5.04 35
5.0408 35
5.0416 35
5.0424 35
5.0432 35
5.044 35
5.0448 35
5.0456 35
5.0464 35
5.0472 35
5.048 35
5.0488 35
5.0496 35
5.0504 35
5.0512 35
5.052 35
5.0528 35
5.0536 35
5.0544 35
5.0552 35
5.056 35
5.0568 35
5.0576 35
5.0584 35
5.0592 35
5.06 35
5.0608 35
5.0616 35
5.0624 35
5.0632 35
5.064 35
5.0648 35
5.0656 35
5.0664 35
5.0672 35
5.068 35
5.0688 35
5.0696 35
5.0704 35
5.0712 35
5.072 35
5.0728 35
5.0736 35
5.0744 35
5.0752 35
5.076 35
5.0768 35
5.0776 35
5.0784 36
5.0792 36
5.08 36
5.0808 36
5.0816 36
5.0824 36
5.0832 36
5.084 36
5.0848 36
5.0856 36
5.0864 36
5.0872 36
5.088 36
5.0888 36
5.0896 36
5.0904 36
5.0912 36
5.092 36
5.0928 36
5.0936 36
5.0944 36
5.0952 36
5.096 36
5.0968 36
5.0976 36
5.0984 36
5.0992 36
5.1 36
5.1008 36
5.1016 36
5.1024 36
5.1032 36
5.104 36
5.1048 36
5.1056 36
5.1064 36
5.1072 36
5.108 36
5.1088 36
5.1096 36
5.1104 36
5.1112 36
5.112 36
5.1128 36
5.1136 36
5.1144 36
5.1152 36
5.116 36
5.1168 36
5.1176 36
5.1184 36
5.1192 36
5.12 36
5.1208 36
5.1216 36
5.1224 36
5.1232 36
5.124 36
5.1248 36
5.1256 36
5.1264 36
5.1272 36
5.128 35
5.1288 34
5.1296 33
5.1304 32
5.1312 31
5.132 30
5.1328 29
5.1336 28
5.1344 27
5.1352 26
5.136 25
5.1368 24
5.1376 23
5.1384 22
5.1392 21
5.14 20
5.1408 19
5.1416 18
5.1424 17
5.1432 16
5.144 15
5.1448 14
5.1456 13
5.1464 12
5.1472 11
5.148 10
5.1488 9
5.1496 8
5.1504 7
5.1512 6
5.152 5
5.1528 4
5.1536 3
5.1544 2
5.1552 1
5.156 0
