0 1
0.0208 2
0.0416 3
0.0424 4
0.0624 5
0.0632 6
0.064 7
0.0648 8
0.0832 9
0.084 10
0.0848 11
0.0856 12
0.0864 13
0.0872 14
0.088 15
0.0888 16
0.104 17
0.1048 18
0.1056 19
0.1064 20
0.1072 21
0.108 22
0.1088 23
0.1096 24
0.1104 25
0.1112 26
0.112 27
0.1128 28
0.1136 29
0.1144 30
0.1152 31
0.116 32
0.1248 33
0.1256 34
0.1264 35
0.1272 36
0.128 37
0.1288 38
0.1296 39
0.1304 40
0.1312 41
0.132 42
0.1328 43
0.1336 44
0.1344 45
0.1352 46
0.136 47
0.1368 48
0.1376 49
0.1384 50
0.1392 51
0.14 52
0.1408 53
0.1416 54
0.1424 55
0.1432 56
0.144 57
0.1448 58
0.1456 59
0.1464 60
0.1472 61
0.148 62
0.1488 63
0.1496 64
0.152 65
0.1528 66
0.1536 67
0.1544 68
0.1552 69
0.156 70
0.1568 71
0.1576 72
0.1584 73
0.1592 74
0.16 75
0.1608 76
0.1616 77
0.1624 78
0.1632 79
0.164 80
0.1648 81
0.1656 82
0.1664 83
0.1672 84
0.168 85
0.1688 86
0.1696 87
0.1704 88
0.1712 89
0.172 90
0.1728 91
0.1736 92
0.1744 93
0.1752 94
0.176 95
0.1768 96
0.1776 97
0.1784 98
0.1792 99
0.18 100
0.1808 100
0.1816 100
0.1824 100
0.1832 100
0.184 100
0.1848 100
0.1856 100
0.1864 100
0.1872 100
0.188 100
0.1888 100
0.1896 100
0.1904 100
0.1912 100
0.192 100
0.1928 100
0.1936 100
0.1944 100
0.1952 100
0.196 100
0.1968 100
0.1976 100
0.1984 100
0.1992 100
0.2 100
0.2008 100
0.2016 100
0.2024 100
0.2064 100
0.2072 100
0.208 100
0.2088 100
0.2096 100
0.2104 100
0.2112 100
0.212 100
0.2128 100
0.2136 100
0.2144 100
0.2152 100
0.216 100
0.2168 100
0.2176 100
0.2184 100
0.2192 100
0.22 100
0.2208 100
0.2216 100
0.2224 100
0.2232 100
0.224 100
0.2248 100
0.2256 100
0.2264 100
0.2272 100
0.228 100
0.2288 100
0.2296 100
0.2304 100
0.2312 100
0.232 100
0.2328 100
0.2336 100
0.2344 100
0.2352 100
0.236 100
0.2368 100
0.2376 100
0.2384 100
0.2392 100
0.24 100
0.2408 100
0.2416 100
0.2424 100
0.2432 100
0.244 100
0.2448 100
0.2456 100
0.2464 100
0.2472 100
0.248 100
0.2488 100
0.2496 100
0.2504 100
0.2512 100
0.252 100
0.2528 100
0.2536 100
0.2544 100
0.2552 100
0.256 100
0.2568 100
0.2576 100
0.2584 100
0.2592 100
0.26 100
0.2608 100
0.2616 100
0.2624 100
0.2632 101
0.264 101
0.2648 101
0.2656 101
0.2664 101
0.2672 101
0.268 101
0.2688 101
0.2696 101
0.2704 101
0.2712 101
0.272 101
0.2728 101
0.2736 101
0.2744 101
0.2752 101
0.276 101
0.2768 101
0.2776 101
0.2784 101
0.2792 101
0.28 101
0.2808 101
0.2816 101
0.2824 101
0.2832 101
0.2848 101
0.2856 101
0.2864 101
0.2936 101
0.2944 101
0.2952 101
0.296 101
0.2968 101
0.2976 101
0.2984 101
0.2992 101
0.3 101
0.3008 101
0.3016 101
0.3024 101
0.3032 101
0.304 101
0.3048 101
0.3056 101
0.3064 101
0.3072 101
0.308 101
0.3088 101
0.3096 101
0.3104 101
0.3112 101
0.312 101
0.3128 101
0.3136 101
0.3144 101
0.3152 101
0.316 101
0.3168 101
0.3176 101
0.3184 101
0.3192 101
0.32 101
0.3208 101
0.3216 101
0.3224 101
0.3232 101
0.324 101
0.3248 101
0.3256 101
0.3264 101
0.3272 101
0.328 101
0.3288 101
0.3296 101
0.3304 101
0.3312 101
0.332 101
0.3328 101
0.3336 101
0.3344 101
0.3352 101
0.336 101
0.3368 101
0.3376 101
0.3384 101
0.3392 101
0.34 101
0.3408 101
0.3416 101
0.3424 101
0.3432 101
0.344 101
0.3448 101
0.3456 101
0.3464 101
0.3472 101
0.348 101
0.3488 101
0.3496 101
0.3504 101
0.3512 102
0.352 102
0.3528 102
0.3536 102
0.3544 102
0.3552 102
0.356 102
0.3568 102
0.3576 102
0.3584 102
0.3592 102
0.36 102
0.3608 102
0.3616 102
0.3624 102
0.3632 102
0.364 102
0.3648 102
0.3656 102
0.3664 102
0.3672 102
0.368 102
0.3688 102
0.3696 102
0.3704 102
0.3712 102
0.3736 102
0.3744 102
0.3752 102
0.3888 102
0.3896 102
0.3904 102
0.3912 102
0.392 102
0.3928 102
0.3936 102
0.3944 102
0.3952 102
0.3968 102
0.3976 102
0.3984 102
0.3992 102
0.4 102
0.4008 102
0.4016 102
0.4024 102
0.4032 102
0.404 102
0.4048 102
0.4056 102
0.4064 102
0.4072 102
0.408 102
0.4088 102
0.4096 102
0.4104 102
0.4112 102
0.412 102
0.4128 102
0.4136 102
0.4144 102
0.4152 102
0.416 102
0.4168 102
0.4176 102
0.4184 102
0.4192 102
0.42 102
0.4208 102
0.4216 102
0.4224 102
0.4232 102
0.424 102
0.4248 102
0.4256 102
0.4264 102
0.4272 102
0.428 102
0.4288 102
0.4296 102
0.4304 102
0.4312 102
0.432 102
0.4328 102
0.4336 102
0.4344 102
0.4352 102
0.436 102
0.4368 102
0.4376 102
0.4384 102
0.4392 102
0.44 102
0.4408 102
0.4416 102
0.4424 102
0.4432 102
0.444 102
0.4448 102
0.4456 102
0.4464 102
0.4472 102
0.448 103
0.4488 103
0.4496 103
0.4504 103
0.4512 103
0.452 103
0.4528 103
0.4536 103
0.4544 103
0.4552 103
0.456 103
0.4568 103
0.4576 103
0.4584 103
0.4592 103
0.46 103
0.4608 103
0.4616 103
0.4624 103
0.4632 103
0.464 103
0.4648 103
0.4656 103
0.4664 103
0.4672 103
0.468 103
0.472 103
0.4728 103
0.4736 103
0.4888 103
0.4896 103
0.4904 103
0.4912 103
0.492 103
0.4928 103
0.4936 103
0.4944 103
0.4952 103
0.4968 103
0.4976 103
0.4984 103
0.4992 103
0.5008 103
0.5016 103
0.5024 103
0.5032 103
0.504 103
0.5048 103
0.5056 103
0.5064 103
0.5072 103
0.508 103
0.5088 103
0.5096 103
0.5104 103
0.5112 103
0.512 103
0.5128 103
0.5136 103
0.5144 103
0.5152 103
0.516 103
0.5168 103
0.5176 103
0.5184 103
0.5192 103
0.52 103
0.5208 103
0.5216 103
0.5224 103
0.5232 103
0.524 103
0.5248 103
0.5256 103
0.5264 103
0.5272 103
0.528 103
0.5288 103
0.5296 103
0.5304 103
0.5312 103
0.532 103
0.5328 103
0.5336 103
0.5344 103
0.5352 103
0.536 103
0.5368 103
0.5376 103
0.5384 103
0.5392 103
0.54 103
0.5408 103
0.5416 103
0.5424 103
0.5432 103
0.544 103
0.5448 103
0.5456 103
0.5464 103
0.5472 103
0.548 103
0.5488 103
0.5496 103
0.5504 103
0.5512 103
0.552 103
0.5528 103
0.5536 103
0.5544 103
0.5552 103
0.556 103
0.5568 103
0.5576 103
0.5584 103
0.5592 103
0.56 103
0.5608 103
0.5616 103
0.5624 103
0.5632 103
0.564 103
0.5648 103
0.5656 103
0.5664 103
0.5672 103
0.568 103
0.572 103
0.5728 103
0.5736 103
0.5888 103
0.5896 103
0.5904 103
0.5912 103
0.592 103
0.5928 103
0.5936 103
0.5944 103
0.5952 103
0.5968 103
0.5976 103
0.5984 103
0.5992 103
0.7992 1
0.82 2
0.8408 3
0.8416 4
0.8616 5
0.8624 6
0.8632 7
0.864 8
0.8824 9
0.8832 10
0.884 11
0.8848 12
0.8856 13
0.8864 14
0.8872 15
0.888 16
0.9032 17
0.904 18
0.9048 19
0.9056 20
0.9064 21
0.9072 22
0.908 23
0.9088 24
0.9096 25
0.9104 26
0.9112 27
0.912 28
0.9128 29
0.9136 30
0.9144 31
0.9152 32
0.9256 33
0.9264 34
0.9272 35
0.928 36
0.9288 37
0.9296 38
0.9304 39
0.9312 40
0.932 41
0.9328 42
0.9336 43
0.9344 44
0.9352 45
0.936 46
0.9368 47
0.9376 48
0.9384 49
0.9392 50
0.94 51
0.9408 52
0.9416 52
0.9424 52
0.9432 52
0.944 52
0.9448 52
0.9456 52
0.9464 52
0.9472 52
0.948 52
0.9488 52
0.9496 52
0.9504 52
0.964 52
0.9648 52
0.9656 52
0.9664 52
0.9672 52
0.968 52
0.9688 52
0.9696 52
0.9704 52
0.9712 52
0.972 52
0.9728 52
0.9736 52
0.9744 52
0.9752 52
0.976 52
0.9768 52
0.9776 52
0.9784 52
0.9792 52
0.98 52
0.9808 52
0.9816 52
0.9824 52
0.9832 52
0.984 52
0.9848 52
0.9856 52
0.9864 52
0.9872 52
0.988 52
0.9888 52
0.9896 52
0.9904 52
0.9912 52
0.992 52
0.9928 52
0.9936 52
0.9944 52
0.9952 53
0.996 53
0.9968 53
0.9976 53
0.9984 53
0.9992 53
1.0 53
1.0008 53
1.0016 53
1.0024 53
1.0032 53
1.004 53
1.0048 53
1.0248 53
1.0256 53
1.0264 53
1.0272 53
1.028 53
1.0288 53
1.0296 53
1.0304 53
1.0312 53
1.032 53
1.0328 53
1.0336 53
1.0344 53
1.0352 53
1.036 53
1.0368 53
1.0376 53
1.0384 53
1.0392 53
1.04 53
1.0408 53
1.0416 53
1.0424 53
1.0432 53
1.044 53
1.0448 53
1.0456 53
1.0464 53
1.0472 53
1.048 53
1.0488 53
1.0496 53
1.0504 53
1.0512 53
1.052 53
1.0528 53
1.0536 53
1.0544 53
1.0552 53
1.056 53
1.0568 54
1.0576 54
1.0584 54
1.0592 54
1.06 54
1.0608 54
1.0616 54
1.0624 54
1.0632 54
1.064 54
1.0648 54
1.0656 54
1.0664 54
1.0976 54
1.0984 54
1.0992 54
1.1 54
1.1008 54
1.1016 54
1.1024 54
1.1032 54
1.104 54
1.1048 54
1.1056 54
1.1064 54
1.1072 54
1.108 54
1.1088 54
1.1096 54
1.1104 54
1.1112 54
1.112 54
1.1128 54
1.1136 54
1.1144 54
1.1152 54
1.116 54
1.1168 54
1.1176 54
1.1184 54
1.1192 54
1.12 54
1.1208 54
1.1216 54
1.1224 54
1.1232 54
1.124 54
1.1248 54
1.1256 54
1.1264 54
1.1272 54
1.128 54
1.1288 54
1.1296 54
1.1304 55
1.1312 55
1.132 55
1.1328 55
1.1336 55
1.1344 55
1.1352 55
1.136 55
1.1368 55
1.1376 55
1.1384 55
1.1392 55
1.14 55
1.1872 55
1.188 55
1.1888 55
1.1896 55
1.1904 55
1.1912 55
1.192 55
1.1928 55
1.1936 55
1.1944 55
1.1952 55
1.196 55
1.1968 55
1.1976 55
1.1984 55
1.1992 55
1.2 55
1.2008 55
1.2016 55
1.2024 55
1.2032 55
1.204 55
1.2048 55
1.2056 55
1.2064 55
1.2072 55
1.208 55
1.2088 55
1.2096 55
1.2104 55
1.2112 55
1.212 55
1.2128 55
1.2136 55
1.2144 55
1.2152 55
1.216 55
1.2168 55
1.2176 55
1.2184 55
1.2192 55
1.22 55
1.2208 56
1.2216 56
1.2224 56
1.2232 56
1.224 56
1.2248 56
1.2256 56
1.2264 56
1.2272 56
1.228 56
1.2288 56
1.2296 56
1.2304 56
1.2608 56
1.2616 56
1.2624 56
1.2632 56
1.264 56
1.2648 56
1.2656 56
1.2664 56
1.2672 56
1.268 56
1.2688 56
1.2696 56
1.2704 56
1.2712 56
1.272 56
1.2728 56
1.2736 56
1.2744 56
1.2752 56
1.276 56
1.2768 56
1.2776 56
1.2784 56
1.2792 56
1.28 56
1.2808 56
1.2816 56
1.2824 56
1.2832 56
1.284 56
1.2848 56
1.2856 56
1.2864 56
1.2872 56
1.288 56
1.2888 56
1.2896 56
1.2904 56
1.2912 56
1.292 56
1.2928 56
1.2936 56
1.2944 56
1.2952 57
1.296 57
1.2968 57
1.2976 57
1.2984 57
1.2992 57
1.3 57
1.3008 57
1.3016 57
1.3024 57
1.3032 57
1.304 57
1.3048 57
1.308 57
1.3088 57
1.3096 57
1.3104 57
1.3112 57
1.312 57
1.3128 57
1.3136 57
1.3144 57
1.3152 57
1.316 57
1.3168 57
1.3176 57
1.3184 57
1.32 57
1.3208 57
1.3216 57
1.3224 57
1.3232 57
1.324 57
1.3248 57
1.3256 57
1.3264 57
1.3272 57
1.328 57
1.3288 57
1.3296 57
1.3304 57
1.3312 57
1.332 57
1.3328 57
1.3336 57
1.3344 57
1.3352 57
1.336 57
1.3368 57
1.3376 57
1.3384 57
1.3392 57
1.34 57
1.3408 57
1.3416 57
1.3424 57
1.3432 57
1.344 58
1.3448 58
1.3456 58
1.3464 58
1.3472 58
1.348 58
1.3488 58
1.3496 58
1.3504 58
1.3512 58
1.352 58
1.3528 58
1.3536 58
1.3568 58
1.3576 58
1.3584 58
1.3592 58
1.36 58
1.3608 58
1.3616 58
1.3624 58
1.3632 58
1.364 58
1.3648 58
1.3656 58
1.3664 58
1.3672 58
1.3696 58
1.3704 58
1.3712 58
1.372 58
1.3728 58
1.3736 58
1.3744 58
1.3752 58
1.376 58
1.3768 58
1.3776 58
1.3784 58
1.3792 58
1.38 58
1.3808 58
1.3816 58
1.3824 58
1.3832 58
1.384 58
1.3848 58
1.3856 58
1.3864 58
1.3872 58
1.388 58
1.3888 58
1.3896 58
1.3904 58
1.3912 58
1.392 58
1.3928 58
1.3936 58
1.3944 59
1.3952 59
1.396 59
1.3968 59
1.3976 59
1.3984 59
1.3992 59
1.4 59
1.4008 59
1.4016 59
1.4024 59
1.4032 59
1.404 59
1.4072 59
1.408 59
1.4088 59
1.4096 59
1.4104 59
1.4112 59
1.412 59
1.4128 59
1.4136 59
