0.1 1
0.1208 2
0.1504 3
0.1512 4
0.2032 5
0.204 6
0.2048 7
0.2056 8
0.2872 9
0.288 10
0.2888 11
0.2896 12
0.2904 13
0.2912 14
0.292 15
0.2928 16
0.376 17
0.3768 18
0.3776 19
0.3784 20
0.3792 21
0.38 22
0.3808 23
0.3816 24
0.3824 25
0.3832 26
0.384 27
0.3848 28
0.3856 29
0.3864 30
0.3872 31
0.388 32
0.4744 33
0.4752 34
0.476 35
0.4768 36
0.4776 37
0.4784 38
0.4792 39
0.48 40
0.4808 41
0.4816 42
0.4824 43
0.4832 44
0.484 45
0.4848 46
0.4856 47
0.4864 48
0.4872 49
0.488 50
0.5744 51
0.5752 52
0.576 53
0.5768 54
0.5776 55
0.5784 56
0.5792 57
0.58 58
0.5808 59
0.5816 60
0.5824 61
0.5832 62
0.584 63
0.5848 64
0.5856 65
0.5864 66
0.5872 67
0.588 68
0.6048 69
0.6056 70
0.6064 71
0.6072 72
0.608 73
0.6088 74
0.6096 75
0.6104 76
0.6112 77
0.612 78
0.6128 79
0.6136 80
0.6144 81
0.6152 82
0.616 83
0.6168 84
0.6176 85
0.6184 86
0.6264 87
0.6272 88
0.628 89
0.6288 90
0.6296 91
0.6304 92
0.6312 93
0.632 94
0.6328 95
0.6336 96
0.6344 97
0.6352 98
0.636 99
0.6368 100
0.6376 100
0.6384 100
0.6392 100
0.64 100
0.6472 100
0.648 100
0.6488 100
0.6496 100
0.6504 100
0.6512 100
0.652 100
0.6528 100
0.6536 100
0.6544 100
0.6552 100
0.656 100
0.6568 100
0.6576 100
0.8576 1
0.8784 2
0.8992 3
0.9 4
0.9224 5
0.9232 6
0.924 7
0.9248 8
0.9576 9
0.9584 10
0.9592 11
0.96 12
0.9608 13
0.9616 14
0.9624 15
0.9632 16
1.012 17
1.0128 18
1.0136 19
1.0144 20
1.0152 21
1.016 22
1.0168 23
1.0176 24
1.0184 25
1.0192 26
1.02 27
1.0208 28
1.0216 29
1.0224 30
1.0232 31
1.024 32
1.072 33
1.0728 34
1.0736 35
1.0744 36
1.0752 37
1.076 38
1.0768 39
1.0776 40
1.0784 41
1.0792 42
1.08 43
1.0808 44
1.0816 45
1.0824 46
1.0832 47
1.084 48
1.0848 49
1.0856 50
1.0864 50
1.0872 50
1.088 50
1.0888 50
1.0896 50
1.0904 50
1.0912 50
1.092 50
1.0928 50
1.0936 50
1.0944 50
1.0952 50
1.096 50
1.0968 50
1.1432 50
1.144 50
1.1448 50
1.1456 50
1.1464 50
1.1472 50
1.148 50
1.1488 50
1.1496 50
1.1504 50
1.1512 50
1.152 50
1.1528 50
1.1536 50
1.1544 50
1.1552 50
1.156 50
1.1568 50
1.1576 50
1.1584 50
1.1592 50
1.16 50
1.1608 50
1.1616 50
1.1624 50
1.1632 50
1.164 50
1.1648 50
1.1656 50
1.1664 50
1.1672 50
1.168 50
1.1688 50
1.1696 50
1.1704 50
1.1712 50
1.172 50
1.1728 50
1.1736 50
1.1744 50
1.1752 50
1.176 50
1.1768 50
1.1776 50
1.1784 50
1.1792 50
1.18 50
1.1808 50
1.1816 50
1.1824 50
1.1832 50
1.184 50
1.1848 50
1.1856 50
1.1864 50
1.2336 50
1.2344 50
1.2352 50
1.236 50
1.2368 50
1.2376 50
1.2384 50
1.2392 50
1.24 50
1.2408 50
1.2416 50
1.2424 50
1.2432 50
1.244 50
1.2448 50
1.2456 50
1.2464 50
1.2472 50
1.248 50
1.2488 50
1.2496 50
1.2504 50
1.2512 50
1.252 50
1.2528 50
1.2536 50
1.2544 50
1.2552 50
1.256 50
1.2568 50
1.2576 50
1.2584 50
1.2592 50
1.26 50
1.46 1
1.4864 2
1.5296 3
1.5304 4
1.5744 5
1.5752 6
1.576 7
1.5768 8
1.5776 9
1.5784 10
1.6232 11
1.624 12
1.6248 13
1.6256 14
1.6264 15
1.6272 16
1.628 17
1.6288 18
1.6296 19
1.6304 20
1.676 21
1.6768 22
1.6776 23
1.6784 24
1.6792 25
1.68 25
1.6808 25
1.6816 25
1.6824 25
1.6832 25
1.684 25
1.6848 25
1.6856 25
1.6864 25
1.6872 25
1.688 25
1.6888 25
1.6896 25
1.6904 25
1.6912 25
1.7376 25
1.7384 25
1.7392 25
1.74 25
1.7408 25
1.7416 25
1.7424 25
1.7432 25
1.744 25
1.7448 26
1.7456 26
1.7464 26
1.7472 26
1.748 26
1.7488 26
1.7496 26
1.7504 26
1.7512 26
1.752 26
1.7528 26
1.7536 26
1.7544 26
1.7552 26
1.756 26
1.7568 26
1.804 26
1.8048 26
1.8056 26
1.8064 26
1.8072 26
1.808 26
1.8088 26
1.8096 26
1.8104 26
1.8112 26
1.812 27
1.8128 27
1.8136 27
1.8144 27
1.8152 27
1.816 27
1.8168 27
1.8176 27
1.8184 27
1.8192 27
1.82 27
1.8208 27
1.8216 27
1.8224 27
1.8232 27
1.824 27
1.872 27
1.8728 27
1.8736 27
1.8744 27
1.8752 27
1.876 27
1.8768 27
1.8776 27
1.8784 27
1.8792 27
1.88 27
1.8808 28
1.8816 28
1.8824 28
1.8832 28
1.884 28
1.8848 28
1.8856 28
1.8864 28
1.8872 28
1.888 28
1.8888 28
1.8896 28
1.8904 28
1.8912 28
1.892 28
1.8928 28
1.9416 28
1.9424 28
1.9432 28
1.944 28
1.9448 28
1.9456 28
1.9464 28
1.9472 28
1.948 28
1.9488 28
1.9496 28
1.9504 28
1.9512 29
1.952 29
1.9528 29
1.9536 29
1.9544 29
1.9552 29
1.956 29
1.9568 29
1.9576 29
1.9584 29
1.9592 29
1.96 29
1.9608 29
1.9616 29
1.9624 29
1.9632 29
2.0128 29
2.0136 29
2.0144 29
2.0152 29
2.016 29
2.0168 29
2.0176 29
2.0184 29
2.0192 29
2.02 29
2.0208 29
2.0216 29
2.0224 29
2.0232 30
2.024 30
2.0248 30
2.0256 30
2.0264 30
2.0272 30
2.028 30
2.0288 30
2.0296 30
2.0304 30
2.0312 30
2.032 30
2.0328 30
2.0336 30
2.0344 30
2.0352 30
2.0856 30
2.0864 30
2.0872 30
2.088 30
2.0888 30
2.0896 30
2.0904 30
2.0912 30
2.092 30
2.0928 30
2.0936 30
2.0944 30
2.0952 30
2.096 30
2.0968 31
2.0976 31
2.0984 31
2.0992 31
2.1 31
2.1008 31
2.1016 31
2.1024 31
2.1032 31
2.104 31
2.1048 31
2.1056 31
2.1064 31
2.1072 31
2.108 31
2.1088 31
2.16 31
2.1608 31
2.1616 31
2.1624 31
2.1632 31
2.164 31
2.1648 31
2.1656 31
2.1664 31
2.1672 31
2.168 31
2.1688 31
2.1696 31
2.1704 31
2.1712 31
2.172 32
2.1728 32
2.1736 32
2.1744 32
2.1752 32
2.176 32
2.1768 32
2.1776 32
2.1784 32
2.1792 32
2.18 32
2.1808 32
2.1816 32
2.1824 32
2.1832 32
2.184 32
2.236 32
2.2368 32
2.2376 32
2.2384 32
2.2392 32
2.24 32
2.2408 32
2.2416 32
2.2424 32
2.2432 32
2.244 32
2.2448 32
2.2456 32
2.2464 32
2.2472 32
2.248 32
2.2488 33
2.2496 33
2.2504 33
2.2512 33
2.252 33
2.2528 33
2.2536 33
2.2544 33
2.2552 33
2.256 33
2.2568 33
2.2576 33
2.2584 33
2.2592 33
2.26 33
2.2608 33
2.3136 33
2.3144 33
2.3152 33
2.316 33
2.3168 33
2.3176 33
2.3184 33
2.3192 33
2.32 33
2.3208 33
2.3216 33
2.3224 33
2.3232 33
2.324 33
2.3248 33
2.3256 33
2.3264 33
2.3272 34
2.328 34
2.3288 34
2.3296 34
2.3304 34
2.3312 34
2.332 34
2.3328 34
2.3336 34
2.3344 34
2.3352 34
2.336 34
2.3368 34
2.3376 34
2.3384 34
2.3392 34
2.3928 34
2.3936 34
2.3944 34
2.3952 34
2.396 34
2.3968 34
2.3976 34
2.3984 34
2.3992 34
2.4 34
2.4008 34
2.4016 34
2.4024 34
2.4032 34
2.404 34
2.4048 34
2.4056 34
2.4064 34
2.4072 35
2.408 35
2.4088 35
2.4096 35
2.4104 35
2.4112 35
2.412 35
2.4128 35
2.4136 35
2.4144 35
2.4152 35
2.416 35
2.4168 35
2.4176 35
2.4184 35
2.4192 35
2.4712 35
2.472 35
2.4728 35
2.4736 35
2.4744 35
2.4752 35
2.476 35
2.4768 35
2.4776 35
2.4784 35
2.4792 35
2.48 35
2.4808 35
2.4816 35
2.4824 35
2.4832 35
2.484 35
2.4848 35
2.4856 35
2.4864 36
2.4872 36
2.488 36
2.4888 36
2.4896 36
2.4904 36
2.4912 36
2.492 36
2.4928 36
2.4936 36
2.4944 36
2.4952 36
2.496 36
2.4968 36
2.4976 36
2.4984 36
2.5016 36
2.5024 36
2.5032 36
2.504 36
2.5048 36
2.5056 36
2.5064 36
2.5072 36
2.508 36
2.5088 36
2.5096 36
2.5104 36
2.5112 36
2.512 36
2.5128 36
2.5136 36
2.5144 36
2.5152 36
2.516 36
2.5168 36
2.5176 37
2.5184 37
2.5192 37
2.52 37
2.5208 37
2.5216 37
2.5224 37
2.5232 37
2.524 37
2.5248 37
2.5256 37
2.5264 37
2.5272 37
2.528 37
2.5288 37
2.5296 37
2.5328 37
2.5336 37
2.5344 37
2.5352 37
2.536 37
2.5368 37
2.5376 37
2.5384 37
2.5392 37
2.54 37
2.5408 37
2.5416 37
2.5424 37
2.5432 37
2.544 37
2.5448 37
2.5456 37
2.5464 37
2.5472 37
2.548 37
2.5488 37
2.5496 38
2.5504 38
2.5512 38
2.552 38
2.5528 38
2.5536 38
2.5544 38
2.5552 38
2.556 38
2.5568 38
2.5576 38
2.5584 38
2.5592 38
2.56 38
2.5608 38
2.5616 38
2.5648 38
2.5656 38
2.5664 38
2.5672 38
2.568 38
2.5688 38
2.5696 38
2.5704 38
2.5712 38
2.572 38
2.5728 38
2.5736 38
2.5744 38
2.5752 38
2.576 38
2.5768 38
2.5776 38
2.5784 38
2.5792 38
2.58 38
2.5808 38
2.5816 38
2.5824 39
2.5832 39
2.584 39
2.5848 39
2.5856 39
2.5864 39
2.5872 39
2.588 39
2.5888 39
2.5896 39
2.5904 39
2.5912 39
2.592 39
2.5928 39
2.5936 39
2.5944 39
2.5976 39
2.5984 39
2.5992 39
2.6 39
2.6008 39
2.6016 39
2.6024 39
2.6032 39
2.604 39
2.6048 39
2.6056 39
2.6064 39
2.6072 39
2.608 39
2.6088 39
2.6096 39
2.6104 39
2.6112 39
2.612 39
2.6128 39
2.6136 39
2.6144 39
2.6152 39
2.616 40
2.6168 40
2.6176 40
2.6184 40
2.6192 40
2.62 40
2.6208 40
2.6216 40
2.6224 40
2.6232 40
2.624 40
2.6248 40
2.6256 40
2.6264 40
2.6272 40
2.628 40
2.6312 40
2.632 40
2.6328 40
2.6336 40
2.6344 40
2.6352 40
2.636 40
2.6368 40
2.6376 40
2.6384 40
2.6392 40
2.64 40
2.6408 40
2.6416 40
2.6424 40
2.6432 40
2.644 40
2.6448 40
2.6456 40
2.6464 40
2.6472 40
2.648 40
2.6488 40
2.6496 40
2.6504 41
2.6512 41
2.652 41
2.6528 41
2.6536 41
2.6544 41
2.6552 41
2.656 41
2.6568 41
2.6576 41
2.6584 41
2.6592 41
2.66 41
2.6608 41
2.6616 41
2.6624 41
2.6656 41
2.6664 41
2.6672 41
2.668 41
2.6688 41
2.6696 41
2.6704 41
2.6712 41
2.672 41
2.6728 41
2.6736 41
2.6744 41
2.6752 41
2.676 41
2.6768 41
2.6776 41
2.6784 41
2.6792 41
2.68 41
2.6808 41
2.6816 41
2.6824 41
2.6832 41
2.684 41
2.6848 41
2.6856 42
2.6864 42
2.6872 42
2.688 42
2.6888 42
2.6896 42
2.6904 42
2.6912 42
2.692 42
2.6928 42
2.6936 42
2.6944 42
2.6952 42
2.696 42
2.6968 42
2.6976 42
2.7008 42
2.7016 42
2.7024 42
2.7032 42
2.704 42
2.7048 42
2.7056 42
2.7064 42
2.7072 42
2.708 42
2.7088 42
2.7096 42
2.7104 42
2.7112 42
2.712 42
2.7128 42
2.7136 42
2.7144 42
2.7152 42
2.716 42
2.7168 42
2.7176 42
2.7184 42
2.7192 42
2.72 42
2.7208 42
2.7216 43
2.7224 43
2.7232 43
2.724 43
2.7248 43
2.7256 43
2.7264 43
2.7272 43
2.728 43
2.7288 43
2.7296 43
2.7304 43
2.7312 43
2.732 43
2.7328 43
2.7336 43
2.7368 43
2.7376 43
2.7384 43
2.7392 43
2.74 43
2.7408 43
2.7416 43
2.7424 43
2.7432 43
2.744 43
2.7448 43
2.7456 43
2.7464 43
2.7472 43
2.748 43
2.7488 43
2.7496 43
2.7504 43
2.7512 43
2.752 43
2.7528 43
2.7536 43
2.7544 43
2.7552 43
2.756 43
2.7568 43
2.7576 43
2.7584 44
2.7592 44
2.76 44
2.7608 44
2.7616 44
2.7624 44
2.7632 44
2.764 44
2.7648 44
2.7656 44
2.7664 44
2.7672 44
2.768 44
2.7688 44
2.7696 44
2.7704 44
2.7728 44
2.7736 44
2.7744 44
2.7752 44
2.776 44
2.7768 44
2.7776 44
2.7784 44
2.7792 44
2.78 44
2.7808 44
2.7816 44
2.7824 44
2.7832 44
2.784 44
2.7848 44
2.7856 44
2.7864 44
2.7872 44
2.788 44
2.7888 44
2.7896 44
2.7904 44
2.7912 44
2.792 44
2.7928 44
2.7936 44
2.7944 44
2.7952 45
2.796 45
2.7968 45
2.7976 45
2.7984 45
2.7992 45
2.8 45
2.8008 45
2.8016 45
2.8024 45
2.8032 45
2.804 45
2.8048 45
2.8056 45
2.8064 45
2.8072 45
2.8088 45
2.8096 45
2.8104 45
2.8112 45
2.812 45
2.8128 45
2.8136 45
2.8144 45
2.8152 45
2.816 45
2.8168 45
2.8176 45
2.8184 45
2.8192 45
2.82 45
2.8208 45
2.8216 45
2.8224 45
2.8232 45
2.824 45
2.8248 45
2.8256 45
2.8264 45
2.8272 45
2.828 45
2.8288 45
2.8296 45
2.8304 45
2.8312 45
2.832 46
2.8328 46
2.8336 46
2.8344 46
2.8352 46
2.836 46
2.8368 46
2.8376 46
2.8384 46
2.8392 46
2.84 46
2.8408 46
2.8416 46
2.8424 46
2.8432 46
2.844 46
2.8456 46
2.8464 46
2.8472 46
2.848 46
2.8488 46
2.8496 46
2.8504 46
2.8512 46
2.852 46
2.8528 46
2.8536 46
