0.2 1
0.284 2
0.372 3
0.3728 4
0.4688 5
0.4696 6
0.4704 7
0.4712 8
0.5688 9
0.5696 10
0.5704 11
0.5712 12
0.6008 13
0.6016 14
0.6024 15
0.6032 16
0.604 17
0.6224 18
0.6232 19
0.624 20
0.6248 21
0.6256 22
0.6432 23
0.644 24
0.6448 25
0.6456 26
0.6464 27
0.664 28
0.6648 29
0.6656 30
0.6664 31
0.6672 32
0.6848 33
0.6856 34
0.6864 35
0.6872 36
0.688 37
0.7056 38
0.7064 39
0.7072 40
0.708 41
0.7088 42
0.7264 43
0.7272 44
0.728 45
0.7288 46
0.7296 47
0.7472 48
0.748 49
0.7488 50
0.7496 51
0.7504 52
0.768 53
0.7688 54
0.7696 55
0.7704 56
0.7712 57
0.7888 58
0.7896 59
0.7904 60
0.7912 61
0.792 62
0.8096 63
0.8104 64
0.8112 65
0.812 66
0.8128 67
0.8304 68
0.8312 69
0.832 70
0.8328 71
0.8336 72
0.8512 73
0.852 74
0.8528 75
0.8536 76
0.8544 77
0.872 78
0.8728 79
0.8736 80
0.8744 81
0.8752 82
0.8928 83
0.8936 84
0.8944 85
0.8952 86
0.896 87
0.9184 88
0.9192 89
0.92 90
0.9208 91
0.9216 92
0.9536 93
0.9544 94
0.9552 95
0.956 96
0.9568 97
1.008 98
1.0088 99
1.0096 100
1.0104 100
1.0112 100
1.0696 100
1.0704 100
1.0712 100
1.2712 1
1.3192 2
1.368 3
1.3688 4
1.4144 5
1.4152 6
1.416 7
1.4168 8
1.4352 9
1.436 10
1.4368 11
1.4376 12
1.4384 13
1.4392 14
1.44 15
1.4408 16
1.4416 17
1.4424 18
1.4432 19
1.444 20
1.456 21
1.4568 22
1.4576 23
1.4584 24
1.4592 25
1.46 26
1.4608 27
1.4616 28
1.4624 29
1.4632 30
1.464 31
1.4648 32
1.4656 33
1.4664 34
1.4672 35
1.468 36
1.4688 37
1.4696 38
1.4704 39
1.4712 40
1.4768 41
1.4776 42
1.4784 43
1.4792 44
1.48 45
1.4808 46
1.4816 47
1.4824 48
1.4832 49
1.484 50
1.4848 50
1.4856 50
1.4872 50
1.488 50
1.4888 50
1.4896 50
1.4904 50
1.4912 50
1.492 50
1.4928 50
1.4936 50
1.4944 50
1.4952 50
1.496 50
1.4968 50
1.4976 50
1.4984 50
1.4992 50
1.5 50
1.5008 50
1.5016 50
1.5024 50
1.5032 50
1.504 50
1.5048 50
1.5056 50
1.5064 50
1.5072 50
1.508 50
1.5088 50
1.512 50
1.5128 50
1.5136 50
1.5144 50
1.5152 50
1.516 50
1.5168 50
1.5176 50
1.5184 50
1.5192 50
1.52 50
1.5208 50
1.5216 50
1.5224 50
1.5232 50
1.524 50
1.5248 50
1.5256 50
1.5264 50
1.5272 51
1.528 51
1.5288 51
1.5312 51
1.532 51
1.5328 51
1.5336 51
1.5344 51
1.5352 51
1.536 51
1.5368 51
1.5376 51
1.5384 51
1.5392 51
1.54 51
1.5408 51
1.5416 51
1.5424 51
1.5432 51
1.544 51
1.5448 51
1.5456 51
1.5464 51
1.5472 51
1.548 51
1.5488 51
1.5496 51
1.5504 51
1.5512 51
1.552 51
1.5528 51
1.556 51
1.5568 51
1.5576 51
1.5584 51
1.5592 51
1.56 51
1.5608 51
1.5616 51
1.5624 51
1.5632 51
1.564 51
1.5648 51
1.5656 51
1.5664 51
1.5672 51
1.568 51
1.5688 51
1.5696 51
1.5704 51
1.5712 51
1.572 52
1.5728 52
1.5736 52
1.5792 52
1.58 52
1.5808 52
1.5816 52
1.5824 52
1.5832 52
1.584 52
1.5848 52
1.5856 52
1.5864 52
1.5872 52
1.588 52
1.5888 52
1.5896 52
1.5904 52
1.5912 52
1.592 52
1.5928 52
1.5936 52
1.5944 52
1.5952 52
1.596 52
1.5968 52
1.5976 52
1.5984 52
1.5992 52
1.6 52
1.6008 52
1.604 52
1.6048 52
1.6056 52
1.6064 52
1.6072 52
1.608 52
1.6088 52
1.6096 52
1.6104 52
1.6112 52
1.612 52
1.6128 52
1.6136 52
1.6144 52
1.6152 52
1.616 52
1.6168 52
1.6176 52
1.6184 52
1.6192 52
1.62 52
1.6208 53
1.6216 53
1.6224 53
1.6312 53
1.632 53
1.6328 53
1.6336 53
1.6344 53
1.6352 53
1.636 53
1.6368 53
1.6376 53
1.6384 53
1.6392 53
1.64 53
1.6408 53
1.6416 53
1.6424 53
1.6432 53
1.644 53
1.6448 53
1.6456 53
1.6464 53
1.6472 53
1.648 53
1.6488 53
1.6496 53
1.6504 53
1.6512 53
1.652 53
1.6528 53
1.656 53
1.6568 53
1.6576 53
1.6584 53
1.6592 53
1.66 53
1.6608 53
1.6616 53
1.6624 53
1.6632 53
1.664 53
1.6648 53
1.6656 53
1.6664 53
1.6672 53
1.668 53
1.6688 53
1.6696 53
1.6704 53
1.6712 53
1.672 53
1.6728 53
1.6736 54
1.6744 54
1.6752 54
1.692 54
1.6928 54
1.6936 54
1.6944 54
1.6952 54
1.696 54
1.6968 54
1.6976 54
1.6984 54
1.6992 54
1.7 54
1.7008 54
1.7016 54
1.7024 54
1.7032 54
1.704 54
1.7048 54
1.7056 54
1.7064 54
1.7072 54
1.708 54
1.7088 54
1.7096 54
1.7104 54
1.7112 54
1.712 54
1.7128 54
1.7136 54
1.7168 54
1.7176 54
1.7184 54
1.7192 54
1.72 54
1.7208 54
1.7216 54
1.7224 54
1.7232 54
1.724 54
1.7248 54
1.7256 54
1.7264 54
1.7272 54
1.728 54
1.7288 54
1.7296 54
1.7304 54
1.7312 54
1.732 54
1.7328 54
1.7336 54
1.7344 54
1.7352 55
1.736 55
1.7368 55
1.7576 55
1.7584 55
1.7592 55
1.76 55
1.7608 55
1.7616 55
1.7624 55
1.7632 55
1.764 55
1.7648 55
1.7656 55
1.7664 55
1.7672 55
1.768 55
1.7688 55
1.7696 55
1.7704 55
1.7712 55
1.772 55
1.7728 55
1.7736 55
1.7744 55
1.7752 55
1.776 55
1.7768 55
1.7776 55
1.7784 55
1.7792 55
1.7824 55
1.7832 55
1.784 55
1.7848 55
1.7856 55
1.7864 55
1.7872 55
1.788 55
1.7888 55
1.7896 55
1.7904 55
1.7912 55
1.792 55
1.7928 55
1.7936 55
1.7944 55
1.7952 55
1.796 55
1.7968 55
1.7976 55
1.7984 55
1.7992 55
1.8 55
1.8008 55
1.8016 56
1.8024 56
1.8032 56
1.8248 56
1.8256 56
1.8264 56
1.8272 56
1.828 56
1.8288 56
1.8296 56
1.8304 56
1.8312 56
1.832 56
1.8328 56
1.8336 56
1.8344 56
1.8352 56
1.836 56
1.8368 56
1.8376 56
1.8384 56
1.8392 56
1.84 56
1.8408 56
1.8416 56
1.8424 56
1.8432 56
1.844 56
1.8448 56
1.8456 56
1.8464 56
1.8496 56
1.8504 56
1.8512 56
1.852 56
1.8528 56
1.8536 56
1.8544 56
1.8552 56
1.856 56
1.8568 56
1.8576 56
1.8584 56
1.8592 56
1.86 56
1.8608 56
1.8616 56
1.8624 56
1.8632 56
1.864 56
1.8648 56
1.8656 56
1.8664 56
1.8672 56
1.868 56
1.8688 56
1.8696 57
1.8704 57
1.8712 57
1.8936 57
1.8944 57
1.8952 57
1.896 57
1.8968 57
1.8976 57
1.8984 57
1.8992 57
1.9 57
1.9008 57
1.9016 57
1.9024 57
1.9032 57
1.904 57
1.9048 57
1.9056 57
1.9064 57
1.9072 57
1.908 57
1.9088 57
1.9096 57
1.9104 57
1.9112 57
1.912 57
1.9128 57
1.9136 57
1.9144 57
1.9152 57
1.9184 57
1.9192 57
1.92 57
1.9208 57
1.9216 57
1.9224 57
1.9232 57
1.924 57
1.9248 57
1.9256 57
1.9264 57
1.9272 57
1.928 57
1.9288 57
1.9296 57
1.9304 57
1.9312 57
1.932 57
1.9328 57
1.9336 57
1.9344 57
1.9352 57
1.936 57
1.9368 57
1.9376 57
1.9384 57
1.9392 58
1.94 58
1.9408 58
1.964 58
1.9648 58
1.9656 58
1.9664 58
1.9672 58
1.968 58
1.9688 58
1.9696 58
1.9704 58
1.9712 58
1.972 58
1.9728 58
1.9736 58
1.9744 58
1.9752 58
1.976 58
1.9768 58
1.9776 58
1.9784 58
1.9792 58
1.98 58
1.9808 58
1.9816 58
1.9824 58
1.9832 58
1.984 58
1.9848 58
1.9856 58
1.9888 58
1.9896 58
1.9904 58
1.9912 58
1.992 58
1.9928 58
1.9936 58
1.9944 58
1.9952 58
1.996 58
1.9968 58
1.9976 58
1.9984 58
1.9992 58
2.0 58
2.0008 58
2.0016 58
2.0024 58
2.0032 58
2.004 58
2.0048 58
2.0056 58
2.0064 58
2.0072 58
2.008 58
2.0088 58
2.0096 58
2.0104 59
2.0112 59
2.012 59
2.036 59
2.0368 59
2.0376 59
2.0384 59
2.0392 59
2.04 59
2.0408 59
2.0416 59
2.0424 59
2.0432 59
2.044 59
2.0448 59
2.0456 59
2.0464 59
2.0472 59
2.048 59
2.0488 59
2.0496 59
2.0504 59
2.0512 59
2.052 59
2.0528 59
2.0536 59
2.0544 59
2.0552 59
2.056 59
2.0568 59
2.0576 59
2.0608 59
2.0616 59
2.0624 59
2.0632 59
2.064 59
2.0648 59
2.0656 59
2.0664 59
2.0672 59
2.068 59
2.0688 59
2.0696 59
2.0704 59
2.0712 59
2.072 59
2.0728 59
2.0736 59
2.0744 59
2.0752 59
2.076 59
2.0768 59
2.0776 59
2.0784 59
2.0792 59
2.08 59
2.0808 59
2.0816 59
2.0824 59
2.0832 60
2.084 60
2.0848 60
2.1096 60
2.1104 60
2.1112 60
2.112 60
2.1128 60
2.1136 60
2.1144 60
2.1152 60
2.116 60
2.1168 60
2.1176 60
2.1184 60
2.1192 60
2.12 60
2.1208 60
2.1216 60
2.1224 60
2.1232 60
2.124 60
2.1248 60
2.1256 60
2.1264 60
2.1272 60
2.128 60
2.1288 60
2.1296 60
2.1304 60
2.1312 60
2.1344 60
2.1352 60
2.136 60
2.1368 60
2.1376 60
2.1384 60
2.1392 60
2.14 60
2.1408 60
2.1416 60
2.1424 60
2.1432 60
2.144 60
2.1448 60
2.1456 60
2.1464 60
2.1472 60
2.148 60
2.1488 60
2.1496 60
2.1504 60
2.1512 60
2.152 60
2.1528 60
2.1536 60
2.1544 60
2.1552 60
2.156 60
2.1568 60
2.1576 61
2.1584 61
2.1592 61
2.1848 61
2.1856 61
2.1864 61
2.1872 61
2.188 61
2.1888 61
2.1896 61
2.1904 61
2.1912 61
2.192 61
2.1928 61
2.1936 61
2.1944 61
2.1952 61
2.196 61
2.1968 61
2.1976 61
2.1984 61
2.1992 61
2.2 61
2.2008 61
2.2016 61
2.2024 61
2.2032 61
2.204 61
2.2048 61
2.2056 61
2.2064 61
2.2096 61
2.2104 61
2.2112 61
2.212 61
2.2128 61
2.2136 61
2.2144 61
2.2152 61
2.216 61
2.2168 61
2.2176 61
2.2184 61
2.2192 61
2.22 61
2.2208 61
2.2216 61
2.2224 61
2.2232 61
2.224 61
2.2248 61
2.2256 61
2.2264 61
2.2272 61
2.228 61
2.2288 61
2.2296 61
2.2304 61
2.2312 61
2.232 61
2.2328 61
2.2336 62
2.2344 62
2.2352 62
2.2616 62
2.2624 62
2.2632 62
2.264 62
2.2648 62
2.2656 62
2.2664 62
2.2672 62
2.268 62
2.2688 62
2.2696 62
2.2704 62
2.2712 62
2.272 62
2.2728 62
2.2736 62
2.2744 62
2.2752 62
2.276 62
2.2768 62
2.2776 62
2.2784 62
2.2792 62
2.28 62
2.2808 62
2.2816 62
2.2824 62
2.2832 62
2.2864 62
2.2872 62
2.288 62
2.2888 62
2.2896 62
2.2904 62
2.2912 62
2.292 62
2.2928 62
2.2936 62
2.2944 62
2.2952 62
2.296 62
2.2968 62
2.2976 62
2.2984 62
2.2992 62
2.3 62
2.3008 62
2.3016 62
2.3024 62
2.3032 62
2.304 62
2.3048 62
2.3056 62
2.3064 62
2.3072 62
2.308 62
2.3088 62
2.3096 62
2.3104 62
2.3112 63
2.312 63
2.3128 63
2.34 63
2.3408 63
2.3416 63
2.3424 63
2.3432 63
2.344 63
2.3448 63
2.3456 63
2.3464 63
2.3472 63
2.348 63
2.3488 63
2.3496 63
2.3504 63
2.3512 63
2.352 63
2.3528 63
2.3536 63
2.3544 63
2.3552 63
2.356 63
2.3568 63
2.3576 63
2.3584 63
2.3592 63
2.36 63
2.3608 63
2.3616 63
2.3648 63
2.3656 63
2.3664 63
2.3672 63
2.368 63
2.3688 63
2.3696 63
2.3704 63
2.3712 63
2.372 63
2.3728 63
2.3736 63
2.3744 63
2.3752 63
2.376 63
2.3768 63
2.3776 63
2.3784 63
2.3792 63
2.38 63
2.3808 63
2.3816 63
2.3824 63
2.3832 63
2.384 63
2.3848 63
2.3856 63
2.3864 63
2.3872 63
2.388 63
2.3888 63
2.3896 63
2.3904 64
2.3912 64
2.392 64
2.42 64
2.4208 64
2.4216 64
2.4224 64
2.4232 64
2.424 64
2.4248 64
2.4256 64
2.4264 64
2.4272 64
2.428 64
2.4288 64
2.4296 64
2.4304 64
2.4312 64
2.432 64
2.4328 64
2.4336 64
2.4344 64
2.4352 64
2.436 64
2.4368 64
2.4376 64
2.4384 64
2.4392 64
2.44 64
2.4408 64
2.4416 64
2.4448 64
2.4456 64
2.4464 64
2.4472 64
2.448 64
2.4488 64
2.4496 64
2.4504 64
2.4512 64
2.452 64
2.4528 64
2.4536 64
2.4544 64
2.4552 64
2.456 64
2.4568 64
2.4576 64
2.4584 64
2.4592 64
2.46 64
2.4608 64
2.4616 64
2.4624 64
2.4632 64
2.464 64
2.4648 64
2.4656 64
2.4664 64
2.4672 64
2.468 64
2.4688 64
2.4696 64
2.4704 64
