0.3 1
0.396 2
0.496 3
0.596 4
0.6192 5
0.6408 6
0.6616 7
0.6824 8
0.7032 9
0.724 10
0.7448 11
0.7656 12
0.7864 13
0.8072 14
0.828 15
0.8488 16
0.8696 17
0.8904 18
0.916 19
0.9512 20
1.0056 21
1.0672 22
1.1408 23
1.2312 24
1.3056 25
1.3544 26
1.4048 27
1.4256 28
1.4464 29
1.472 30
1.5096 31
1.5536 32
1.6016 33
1.6536 34
1.7144 35
1.78 36
1.8472 37
1.916 38
1.9864 39
2.0584 40
2.132 41
2.2072 42
2.284 43
2.3624 44
2.4424 45
2.4992 46
2.5304 47
2.5624 48
2.5952 49
2.6288 50
2.6632 51
2.6984 52
2.7344 53
2.7712 54
2.808 55
2.8448 56
2.8656 57
2.8864 58
2.9072 59
2.928 60
2.9488 61
2.9696 62
2.9904 63
3.0112 64
3.032 65
3.0528 66
3.0736 67
3.0944 68
3.1224 69
3.1632 70
3.2048 71
3.2472 72
3.2904 73
3.3344 74
3.3792 75
3.4248 76
3.4712 77
3.5184 78
3.5664 79
3.6152 80
3.6648 81
3.7152 82
3.7664 83
3.8032 84
3.824 85
3.8448 86
3.8656 87
3.8864 88
3.9072 89
3.928 90
3.9488 91
3.9696 92
3.9904 93
4.0112 94
4.032 95
4.0528 96
4.0736 97
4.0944 98
4.1152 99
4.136 100
4.1568 100
4.3568 1
4.3776 2
4.3984 3
4.3992 4
4.4192 5
4.42 6
4.4208 7
4.4216 8
4.44 9
4.4408 10
4.4416 11
4.4424 12
4.4432 13
4.444 14
4.4448 15
4.4456 16
4.4608 17
4.4616 18
4.4624 19
4.4632 20
4.464 21
4.4648 22
4.4656 23
4.4664 24
4.4672 25
4.468 26
4.4688 27
4.4696 28
4.4704 29
4.4712 30
4.472 31
4.4728 32
4.4816 33
4.4824 34
4.4832 35
4.484 36
4.4848 37
4.4856 38
4.4864 39
4.4872 40
4.488 41
4.4888 42
4.4896 43
4.4904 44
4.4912 45
4.492 46
4.4928 47
4.4936 48
4.4944 49
4.4952 50
4.496 50
4.4968 50
4.4976 50
4.4984 50
4.4992 50
4.5 50
4.5008 50
4.5016 50
4.5024 50
4.5032 50
4.504 50
4.5048 50
4.5056 50
4.5064 50
4.5072 50
4.508 50
4.5088 50
4.5096 50
4.5104 50
4.5112 50
4.512 50
4.5128 50
4.5136 50
4.5144 50
4.5152 50
4.516 50
4.5168 50
4.5176 50
4.5184 50
4.5192 50
4.52 50
4.5208 50
4.5216 50
4.5224 50
4.5232 50
4.524 50
4.5248 50
4.5256 50
4.5264 50
4.5272 50
4.528 50
4.5288 50
4.5296 50
4.5304 50
4.5312 50
4.532 50
4.5328 50
4.5336 50
4.5344 50
4.5352 51
4.536 51
4.5368 51
4.5376 51
4.5384 51
4.5392 51
4.54 51
4.5408 51
4.5416 51
4.5424 51
4.5432 51
4.544 51
4.5448 51
4.5456 51
4.5464 51
4.5472 51
4.548 51
4.5488 51
4.5496 51
4.5504 51
4.5512 51
4.552 51
4.5528 51
4.5536 51
4.5544 51
4.5552 51
4.556 51
4.5568 51
4.5576 51
4.5584 51
4.5592 51
4.56 51
4.5608 51
4.5616 51
4.5624 51
4.5632 51
4.564 51
4.5648 51
4.5656 51
4.5664 51
4.5672 51
4.568 51
4.5688 51
4.5696 51
4.5704 51
4.5712 51
4.572 51
4.5728 51
4.5736 51
4.5744 51
4.5752 51
4.576 52
4.5768 52
4.5776 52
4.5784 52
4.5792 52
4.58 52
4.5808 52
4.5816 52
4.5824 52
4.5832 52
4.584 52
4.5848 52
4.5856 52
4.5864 52
4.5872 52
4.588 52
4.5888 52
4.5896 52
4.5904 52
4.5912 52
4.592 52
4.5928 52
4.5936 52
4.5944 52
4.5952 52
4.596 52
4.5968 52
4.5976 52
4.5984 52
4.5992 52
4.6 52
4.6008 52
4.6016 52
4.6024 52
4.6032 52
4.604 52
4.6048 52
4.6056 52
4.6064 52
4.6072 52
4.608 52
4.6088 52
4.6096 52
4.6104 52
4.6112 52
4.612 52
4.6128 52
4.6136 52
4.6144 52
4.6152 52
4.616 52
4.6168 52
4.6176 53
4.6184 53
4.6192 53
4.62 53
4.6208 53
4.6216 53
4.6224 53
4.6232 53
4.624 53
4.6248 53
4.6256 53
4.6264 53
4.6272 53
4.628 53
4.6288 53
4.6296 53
4.6304 53
4.6312 53
4.632 53
4.6328 53
4.6336 53
4.6344 53
4.6352 53
4.636 53
4.6368 53
4.6376 53
4.6384 53
4.6392 53
4.64 53
4.6408 53
4.6416 53
4.6424 53
4.6432 53
4.644 53
4.6448 53
4.6456 53
4.6464 53
4.6472 53
4.648 53
4.6488 53
4.6496 53
4.6504 53
4.6512 53
4.652 53
4.6528 53
4.6536 53
4.6544 53
4.6552 53
4.656 53
4.6568 53
4.6576 53
4.6584 53
4.6592 53
4.66 54
4.6608 54
4.6616 54
4.6624 54
4.6632 54
4.664 54
4.6648 54
4.6656 54
4.6664 54
4.6672 54
4.668 54
4.6688 54
4.6696 54
4.6704 54
4.6712 54
4.672 54
4.6728 54
4.6736 54
4.6744 54
4.6752 54
4.676 54
4.6768 54
4.6776 54
4.6784 54
4.6792 54
4.68 54
4.6808 54
4.6816 54
4.6824 54
4.6832 54
4.684 54
4.6848 54
4.6856 54
4.6864 54
4.6872 54
4.688 54
4.6888 54
4.6896 54
4.6904 54
4.6912 54
4.692 54
4.6928 54
4.6936 54
4.6944 54
4.6952 54
4.696 54
4.6968 54
4.6976 54
4.6984 54
4.6992 54
4.7 54
4.7008 54
4.7016 54
4.7024 54
4.7032 55
4.704 55
4.7048 55
4.7056 55
4.7064 55
4.7072 55
4.708 55
4.7088 55
4.7096 55
4.7104 55
4.7112 55
4.712 55
4.7128 55
4.7136 55
4.7144 55
4.7152 55
4.716 55
4.7168 55
4.7176 55
4.7184 55
4.7192 55
4.72 55
4.7208 55
4.7216 55
4.7224 55
4.7232 55
4.724 55
4.7248 55
4.7256 55
4.7264 55
4.7272 55
4.728 55
4.7288 55
4.7296 55
4.7304 55
4.7312 55
4.732 55
4.7328 55
4.7336 55
4.7344 55
4.7352 55
4.736 55
4.7368 55
4.7376 55
4.7384 55
4.7392 55
4.74 55
4.7408 55
4.7416 55
4.7424 55
4.7432 55
4.744 55
4.7448 55
4.7456 55
4.7464 55
4.7472 56
4.748 56
4.7488 56
4.7496 56
4.7504 56
4.7512 56
4.752 56
4.7528 56
4.7536 56
4.7544 56
4.7552 56
4.756 56
4.7568 56
4.7576 56
4.7584 56
4.7592 56
4.76 56
4.7608 56
4.7616 56
4.7624 56
4.7632 56
4.764 56
4.7648 56
4.7656 56
4.7664 56
4.7672 56
4.768 56
4.7688 56
4.7696 56
4.7704 56
4.7712 56
4.772 56
4.7728 56
4.7736 56
4.7744 56
4.7752 56
4.776 56
4.7768 56
4.7776 56
4.7784 56
4.7792 56
4.78 56
4.7808 56
4.7816 56
4.7824 56
4.7832 56
4.784 56
4.7848 56
4.7856 56
4.7864 56
4.7872 56
4.788 56
4.7888 56
4.7896 56
4.7904 56
4.7912 56
4.792 57
4.7928 57
4.7936 57
4.7944 57
4.7952 57
4.796 57
4.7968 57
4.7976 57
4.7984 57
4.7992 57
4.8 57
4.8008 57
4.8016 57
4.8024 57
4.8032 57
4.804 57
4.8048 57
4.8056 57
4.8064 57
4.8072 57
4.808 57
4.8088 57
4.8096 57
4.8104 57
4.8112 57
4.812 57
4.8128 57
4.8136 57
4.8144 57
4.8152 57
4.816 57
4.8168 57
4.8176 57
4.8184 57
4.8192 57
4.82 57
4.8208 57
4.8216 57
4.8224 57
4.8232 57
4.824 57
4.8248 57
4.8256 57
4.8264 57
4.8272 57
4.828 57
4.8288 57
4.8296 57
4.8304 57
4.8312 57
4.832 57
4.8328 57
4.8336 57
4.8344 57
4.8352 57
4.836 57
4.8368 57
4.8376 58
4.8384 58
4.8392 58
4.84 58
4.8408 58
4.8416 58
4.8424 58
4.8432 58
4.844 58
4.8448 58
4.8456 58
4.8464 58
4.8472 58
4.848 58
4.8488 58
4.8496 58
4.8504 58
4.8512 58
4.852 58
4.8528 58
4.8536 58
4.8544 58
4.8552 58
4.856 58
4.8568 58
4.8576 58
4.8584 58
4.8592 58
4.86 58
4.8608 58
4.8616 58
4.8624 58
4.8632 58
4.864 58
4.8648 58
4.8656 58
4.8664 58
4.8672 58
4.868 58
4.8688 58
4.8696 58
4.8704 58
4.8712 58
4.872 58
4.8728 58
4.8736 58
4.8744 58
4.8752 58
4.876 58
4.8768 58
4.8776 58
4.8784 58
4.8792 58
4.88 58
4.8808 58
4.8816 58
4.8824 58
4.8832 58
4.884 59
4.8848 59
4.8856 59
4.8864 59
4.8872 59
4.888 59
4.8888 59
4.8896 59
4.8904 59
4.8912 59
4.892 59
4.8928 59
4.8936 59
4.8944 59
4.8952 59
4.896 59
4.8968 59
4.8976 59
4.8984 59
4.8992 59
4.9 59
4.9008 59
4.9016 59
4.9024 59
4.9032 59
4.904 59
4.9048 59
4.9056 59
4.9064 59
4.9072 59
4.908 59
4.9088 59
4.9096 59
4.9104 59
4.9112 59
4.912 59
4.9128 59
4.9136 59
4.9144 59
4.9152 59
4.916 59
4.9168 59
4.9176 59
4.9184 59
4.9192 59
4.92 59
4.9208 59
4.9216 59
4.9224 59
4.9232 59
4.924 59
4.9248 59
4.9256 59
4.9264 59
4.9272 59
4.928 59
4.9288 59
4.9296 59
4.9304 59
4.9312 60
4.932 60
4.9328 60
4.9336 60
4.9344 60
4.9352 60
4.936 60
4.9368 60
4.9376 60
4.9384 60
4.9392 60
4.94 60
4.9408 60
4.9416 60
4.9424 60
4.9432 60
4.944 60
4.9448 60
4.9456 60
4.9464 60
4.9472 60
4.948 60
4.9488 60
4.9496 60
4.9504 60
4.9512 60
4.952 60
4.9528 60
4.9536 60
4.9544 60
4.9552 60
4.956 60
4.9568 60
4.9576 60
4.9584 60
4.9592 60
4.96 60
4.9608 60
4.9616 60
4.9624 60
4.9632 60
4.964 60
4.9648 60
4.9656 60
4.9664 60
4.9672 60
4.968 60
4.9688 60
4.9696 60
4.9704 60
4.9712 60
4.972 60
4.9728 60
4.9736 60
4.9744 60
4.9752 60
4.976 60
4.9768 60
4.9776 60
4.9784 60
4.9792 61
4.98 61
4.9808 61
4.9816 61
4.9824 61
4.9832 61
4.984 61
4.9848 61
4.9856 61
4.9864 61
4.9872 61
4.988 61
4.9888 61
4.9896 61
4.9904 61
4.9912 61
4.992 61
4.9928 61
4.9936 61
4.9944 61
4.9952 61
4.996 61
4.9968 61
4.9976 61
4.9984 61
4.9992 61
5.0 61
5.0008 61
5.0016 61
5.0024 61
5.0032 61
5.004 61
5.0048 61
5.0056 61
5.0064 61
5.0072 61
5.008 61
5.0088 61
5.0096 61
5.0104 61
5.0112 61
5.012 61
5.0128 61
5.0136 61
5.0144 61
5.0152 61
5.016 61
5.0168 61
5.0176 61
5.0184 61
5.0192 61
5.02 61
5.0208 61
5.0216 61
5.0224 61
5.0232 61
5.024 61
5.0248 61
5.0256 61
5.0264 61
5.0272 61
5.028 62
5.0288 62
5.0296 62
5.0304 62
5.0312 62
5.032 62
5.0328 62
5.0336 62
5.0344 62
5.0352 62
5.036 62
5.0368 62
5.0376 62
5.0384 62
5.0392 62
5.04 62
5.0408 62
5.0416 62
5.0424 62
5.0432 62
5.044 62
5.0448 62
5.0456 62
5.0464 62
5.0472 62
5.048 62
5.0488 62
5.0496 62
5.0504 62
5.0512 62
5.052 62
5.0528 62
5.0536 62
5.0544 62
5.0552 62
5.056 62
5.0568 62
5.0576 62
5.0584 62
5.0592 62
5.06 62
5.0608 62
5.0616 62
5.0624 62
5.0632 62
5.064 62
5.0648 62
5.0656 62
5.0664 62
5.0672 62
5.068 62
5.0688 62
5.0696 62
5.0704 62
5.0712 62
5.072 62
5.0728 62
5.0736 62
5.0744 62
5.0752 62
5.076 62
5.0768 62
5.0776 63
5.0784 63
5.0792 63
5.08 63
5.0808 63
5.0816 63
5.0824 63
5.0832 63
5.084 63
5.0848 63
5.0856 63
5.0864 63
5.0872 63
5.088 63
5.0888 63
5.0896 63
5.0904 63
5.0912 63
5.092 63
5.0928 63
5.0936 63
5.0944 63
5.0952 63
5.096 63
5.0968 63
5.0976 63
5.0984 63
5.0992 63
5.1 63
5.1008 63
5.1016 63
5.1024 63
5.1032 63
5.104 63
5.1048 63
5.1056 63
5.1064 63
5.1072 63
5.108 63
5.1088 63
5.1096 63
5.1104 63
5.1112 63
5.112 63
5.1128 63
5.1136 63
5.1144 63
5.1152 63
5.116 63
5.1168 63
5.1176 63
5.1184 63
5.1192 63
5.12 63
5.1208 63
5.1216 63
5.1224 63
5.1232 63
5.124 63
5.1248 63
5.1256 63
5.1264 63
5.1272 63
5.128 64
5.1288 64
5.1296 64
5.1304 64
5.1312 64
5.132 64
5.1328 64
5.1336 64
5.1344 64
5.1352 64
5.136 64
5.1368 64
5.1376 64
5.1384 64
5.1392 64
5.14 64
5.1408 64
5.1416 64
5.1424 64
5.1432 64
5.144 64
5.1448 64
5.1456 64
5.1464 64
5.1472 64
5.148 64
5.1488 64
5.1496 64
5.1504 64
5.1512 64
5.152 64
5.1528 64
5.1536 64
5.1544 64
5.1552 64
5.156 64
5.1568 64
5.1576 64
5.1584 64
5.1592 64
5.16 64
5.1608 64
5.1616 64
5.1624 64
5.1632 64
5.164 64
5.1648 64
5.1656 64
5.1664 64
5.1672 64
5.168 64
5.1688 64
5.1696 64
5.1704 64
5.1712 64
5.172 64
5.1728 64
5.1736 64
5.1744 64
5.1752 64
5.176 64
5.1768 64
