0.4 1
0.5 2
0.6 3
0.6208 4
0.6216 5
0.6416 6
0.6424 7
0.6624 8
0.6632 9
0.6832 10
0.684 11
0.704 12
0.7048 13
0.7248 14
0.7256 15
0.7456 16
0.7464 17
0.7664 18
0.7672 19
0.7872 20
0.788 21
0.808 22
0.8088 23
0.8288 24
0.8296 25
0.8496 26
0.8504 27
0.8704 28
0.8712 29
0.8912 30
0.892 31
0.9168 32
0.9176 33
0.952 34
0.9528 35
1.0064 36
1.0072 37
1.068 38
1.0688 39
1.1416 40
1.1424 41
1.232 42
1.2328 43
1.3064 44
1.3072 45
1.3552 46
1.356 47
1.4056 48
1.4064 49
1.4264 50
1.4272 51
1.4472 52
1.448 53
1.4728 54
1.4736 55
1.5104 56
1.5112 57
1.5544 58
1.5552 59
1.6024 60
1.6032 61
1.6544 62
1.6552 63
1.7152 64
1.716 65
1.7808 66
1.7816 67
1.848 68
1.8488 69
1.9168 70
1.9176 71
1.9872 72
1.988 73
2.0592 74
2.06 75
2.1328 76
2.1336 77
2.208 78
2.2088 79
2.2848 80
2.2856 81
2.3632 82
2.364 83
2.4432 84
2.444 85
2.5 86
2.5008 87
2.5312 88
2.532 89
2.5632 90
2.564 91
2.596 92
2.5968 93
2.6296 94
2.6304 95
2.664 96
2.6648 97
2.6992 98
2.7 99
2.7352 100
2.736 100
2.772 100
2.972 1
2.9928 2
3.0136 3
3.0144 4
3.0344 5
3.0352 6
3.036 7
3.0368 8
3.0552 9
3.056 10
3.0568 11
3.0576 12
3.0584 13
3.0592 14
3.06 15
3.0608 16
3.076 17
3.0768 18
3.0776 19
3.0784 20
3.0792 21
3.08 22
3.0808 23
3.0816 24
3.0824 25
3.0832 26
3.084 27
3.0848 28
3.0856 29
3.0864 30
3.0872 31
3.088 32
3.0968 33
3.0976 34
3.0984 35
3.0992 36
3.1 37
3.1008 38
3.1016 39
3.1024 40
3.1032 41
3.104 42
3.1048 43
3.1056 44
3.1064 45
3.1072 46
3.108 47
3.1088 48
3.1096 49
3.1104 50
3.1112 50
3.112 50
3.1128 50
3.1136 50
3.1144 50
3.1152 50
3.116 50
3.1168 50
3.1176 50
3.1184 50
3.1192 50
3.12 50
3.1208 50
3.1216 50
3.1232 50
3.124 50
3.1248 50
3.1256 50
3.1264 50
3.1272 50
3.128 50
3.1288 50
3.1296 50
3.1304 50
3.1312 50
3.132 50
3.1328 50
3.1336 50
3.1344 50
3.1352 50
3.136 50
3.1368 50
3.1376 50
3.1384 50
3.1392 50
3.14 50
3.1408 50
3.1416 50
3.1424 50
3.1432 50
3.144 50
3.1448 50
3.1456 50
3.1464 50
3.1472 50
3.148 50
3.1488 50
3.1496 50
3.1504 50
3.1512 51
3.152 51
3.1528 51
3.1536 51
3.1544 51
3.1552 51
3.156 51
3.1568 51
3.1576 51
3.1584 51
3.1592 51
3.16 51
3.1608 51
3.1616 51
3.1624 51
3.164 51
3.1648 51
3.1656 51
3.1664 51
3.1672 51
3.168 51
3.1688 51
3.1696 51
3.1704 51
3.1712 51
3.172 51
3.1728 51
3.1736 51
3.1744 51
3.1752 51
3.176 51
3.1768 51
3.1776 51
3.1784 51
3.1792 51
3.18 51
3.1808 51
3.1816 51
3.1824 51
3.1832 51
3.184 51
3.1848 51
3.1856 51
3.1864 51
3.1872 51
3.188 51
3.1888 51
3.1896 51
3.1904 51
3.1912 51
3.192 51
3.1928 52
3.1936 52
3.1944 52
3.1952 52
3.196 52
3.1968 52
3.1976 52
3.1984 52
3.1992 52
3.2 52
3.2008 52
3.2016 52
3.2024 52
3.2032 52
3.204 52
3.2056 52
3.2064 52
3.2072 52
3.208 52
3.2088 52
3.2096 52
3.2104 52
3.2112 52
3.212 52
3.2128 52
3.2136 52
3.2144 52
3.2152 52
3.216 52
3.2168 52
3.2176 52
3.2184 52
3.2192 52
3.22 52
3.2208 52
3.2216 52
3.2224 52
3.2232 52
3.224 52
3.2248 52
3.2256 52
3.2264 52
3.2272 52
3.228 52
3.2288 52
3.2296 52
3.2304 52
3.2312 52
3.232 52
3.2328 52
3.2336 52
3.2344 52
3.2352 53
3.236 53
3.2368 53
3.2376 53
3.2384 53
3.2392 53
3.24 53
3.2408 53
3.2416 53
3.2424 53
3.2432 53
3.244 53
3.2448 53
3.2456 53
3.2464 53
3.248 53
3.2488 53
3.2496 53
3.2504 53
3.2512 53
3.252 53
3.2528 53
3.2536 53
3.2544 53
3.2552 53
3.256 53
3.2568 53
3.2576 53
3.2584 53
3.2592 53
3.26 53
3.2608 53
3.2616 53
3.2624 53
3.2632 53
3.264 53
3.2648 53
3.2656 53
3.2664 53
3.2672 53
3.268 53
3.2688 53
3.2696 53
3.2704 53
3.2712 53
3.272 53
3.2728 53
3.2736 53
3.2744 53
3.2752 53
3.276 53
3.2768 53
3.2776 53
3.2784 54
3.2792 54
3.28 54
3.2808 54
3.2816 54
3.2824 54
3.2832 54
3.284 54
3.2848 54
3.2856 54
3.2864 54
3.2872 54
3.288 54
3.2888 54
3.2896 54
3.2912 54
3.292 54
3.2928 54
3.2936 54
3.2944 54
3.2952 54
3.296 54
3.2968 54
3.2976 54
3.2984 54
3.2992 54
3.3 54
3.3008 54
3.3016 54
3.3024 54
3.3032 54
3.304 54
3.3048 54
3.3056 54
3.3064 54
3.3072 54
3.308 54
3.3088 54
3.3096 54
3.3104 54
3.3112 54
3.312 54
3.3128 54
3.3136 54
3.3144 54
3.3152 54
3.316 54
3.3168 54
3.3176 54
3.3184 54
3.3192 54
3.32 54
3.3208 54
3.3216 54
3.3224 55
3.3232 55
3.324 55
3.3248 55
3.3256 55
3.3264 55
3.3272 55
3.328 55
3.3288 55
3.3296 55
3.3304 55
3.3312 55
3.332 55
3.3328 55
3.3336 55
3.3352 55
3.336 55
3.3368 55
3.3376 55
3.3384 55
3.3392 55
3.34 55
3.3408 55
3.3416 55
3.3424 55
3.3432 55
3.344 55
3.3448 55
3.3456 55
3.3464 55
3.3472 55
3.348 55
3.3488 55
3.3496 55
3.3504 55
3.3512 55
3.352 55
3.3528 55
3.3536 55
3.3544 55
3.3552 55
3.356 55
3.3568 55
3.3576 55
3.3584 55
3.3592 55
3.36 55
3.3608 55
3.3616 55
3.3624 55
3.3632 55
3.364 55
3.3648 55
3.3656 55
3.3664 55
3.3672 56
3.368 56
3.3688 56
3.3696 56
3.3704 56
3.3712 56
3.372 56
3.3728 56
3.3736 56
3.3744 56
3.3752 56
3.376 56
3.3768 56
3.3776 56
3.3784 56
3.38 56
3.3808 56
3.3816 56
3.3824 56
3.3832 56
3.384 56
3.3848 56
3.3856 56
3.3864 56
3.3872 56
3.388 56
3.3888 56
3.3896 56
3.3904 56
3.3912 56
3.392 56
3.3928 56
3.3936 56
3.3944 56
3.3952 56
3.396 56
3.3968 56
3.3976 56
3.3984 56
3.3992 56
3.4 56
3.4008 56
3.4016 56
3.4024 56
3.4032 56
3.404 56
3.4048 56
3.4056 56
3.4064 56
3.4072 56
3.408 56
3.4088 56
3.4096 56
3.4104 56
3.4112 56
3.412 56
3.4128 57
3.4136 57
3.4144 57
3.4152 57
3.416 57
3.4168 57
3.4176 57
3.4184 57
3.4192 57
3.42 57
3.4208 57
3.4216 57
3.4224 57
3.4232 57
3.424 57
3.4256 57
3.4264 57
3.4272 57
3.428 57
3.4288 57
3.4296 57
3.4304 57
3.4312 57
3.432 57
3.4328 57
3.4336 57
3.4344 57
3.4352 57
3.436 57
3.4368 57
3.4376 57
3.4384 57
3.4392 57
3.44 57
3.4408 57
3.4416 57
3.4424 57
3.4432 57
3.444 57
3.4448 57
3.4456 57
3.4464 57
3.4472 57
3.448 57
3.4488 57
3.4496 57
3.4504 57
3.4512 57
3.452 57
3.4528 57
3.4536 57
3.4544 57
3.4552 57
3.456 57
3.4568 57
3.4576 57
3.4584 57
3.4592 58
3.46 58
3.4608 58
3.4616 58
3.4624 58
3.4632 58
3.464 58
3.4648 58
3.4656 58
3.4664 58
3.4672 58
3.468 58
3.4688 58
3.4696 58
3.4704 58
3.472 58
3.4728 58
3.4736 58
3.4744 58
3.4752 58
3.476 58
3.4768 58
3.4776 58
3.4784 58
3.4792 58
3.48 58
3.4808 58
3.4816 58
3.4824 58
3.4832 58
3.484 58
3.4848 58
3.4856 58
3.4864 58
3.4872 58
3.488 58
3.4888 58
3.4896 58
3.4904 58
3.4912 58
3.492 58
3.4928 58
3.4936 58
3.4944 58
3.4952 58
3.496 58
3.4968 58
3.4976 58
3.4984 58
3.4992 58
3.5 58
3.5008 58
3.5016 58
3.5024 58
3.5032 58
3.504 58
3.5048 58
3.5056 58
3.5064 59
3.5072 59
3.508 59
3.5088 59
3.5096 59
3.5104 59
3.5112 59
3.512 59
3.5128 59
3.5136 59
3.5144 59
3.5152 59
3.516 59
3.5168 59
3.5176 59
3.5192 59
3.52 59
3.5208 59
3.5216 59
3.5224 59
3.5232 59
3.524 59
3.5248 59
3.5256 59
3.5264 59
3.5272 59
3.528 59
3.5288 59
3.5296 59
3.5304 59
3.5312 59
3.532 59
3.5328 59
3.5336 59
3.5344 59
3.5352 59
3.536 59
3.5368 59
3.5376 59
3.5384 59
3.5392 59
3.54 59
3.5408 59
3.5416 59
3.5424 59
3.5432 59
3.544 59
3.5448 59
3.5456 59
3.5464 59
3.5472 59
3.548 59
3.5488 59
3.5496 59
3.5504 59
3.5512 59
3.552 59
3.5528 59
3.5536 59
3.5544 60
3.5552 60
3.556 60
3.5568 60
3.5576 60
3.5584 60
3.5592 60
3.56 60
3.5608 60
3.5616 60
3.5624 60
3.5632 60
3.564 60
3.5648 60
3.5656 60
3.5672 60
3.568 60
3.5688 60
3.5696 60
3.5704 60
3.5712 60
3.572 60
3.5728 60
3.5736 60
3.5744 60
3.5752 60
3.576 60
3.5768 60
3.5776 60
3.5784 60
3.5792 60
3.58 60
3.5808 60
3.5816 60
3.5824 60
3.5832 60
3.584 60
3.5848 60
3.5856 60
3.5864 60
3.5872 60
3.588 60
3.5888 60
3.5896 60
3.5904 60
3.5912 60
3.592 60
3.5928 60
3.5936 60
3.5944 60
3.5952 60
3.596 60
3.5968 60
3.5976 60
3.5984 60
3.5992 60
3.6 60
3.6008 60
3.6016 60
3.6024 60
3.6032 61
3.604 61
3.6048 61
3.6056 61
3.6064 61
3.6072 61
3.608 61
3.6088 61
3.6096 61
3.6104 61
3.6112 61
3.612 61
3.6128 61
3.6136 61
3.6144 61
3.616 61
3.6168 61
3.6176 61
3.6184 61
3.6192 61
3.62 61
3.6208 61
3.6216 61
3.6224 61
3.6232 61
3.624 61
3.6248 61
3.6256 61
3.6264 61
3.6272 61
3.628 61
3.6288 61
3.6296 61
3.6304 61
3.6312 61
3.632 61
3.6328 61
3.6336 61
3.6344 61
3.6352 61
3.636 61
3.6368 61
3.6376 61
3.6384 61
3.6392 61
3.64 61
3.6408 61
3.6416 61
3.6424 61
3.6432 61
3.644 61
3.6448 61
3.6456 61
3.6464 61
3.6472 61
3.648 61
3.6488 61
3.6496 61
3.6504 61
3.6512 61
3.652 61
3.6528 62
3.6536 62
3.6544 62
3.6552 62
3.656 62
3.6568 62
3.6576 62
3.6584 62
3.6592 62
3.66 62
3.6608 62
3.6616 62
3.6624 62
3.6632 62
3.664 62
3.6656 62
3.6664 62
3.6672 62
3.668 62
3.6688 62
3.6696 62
3.6704 62
3.6712 62
3.672 62
3.6728 62
3.6736 62
3.6744 62
3.6752 62
3.676 62
3.6768 62
3.6776 62
3.6784 62
3.6792 62
3.68 62
3.6808 62
3.6816 62
3.6824 62
3.6832 62
3.684 62
3.6848 62
3.6856 62
3.6864 62
3.6872 62
3.688 62
3.6888 62
3.6896 62
3.6904 62
3.6912 62
3.692 62
3.6928 62
3.6936 62
3.6944 62
3.6952 62
3.696 62
3.6968 62
3.6976 62
3.6984 62
3.6992 62
3.7 62
3.7008 62
3.7016 62
3.7024 62
3.7032 63
3.704 63
3.7048 63
3.7056 63
3.7064 63
3.7072 63
3.708 63
3.7088 63
3.7096 63
3.7104 63
3.7112 63
3.712 63
3.7128 63
3.7136 63
3.7144 63
3.716 63
3.7168 63
3.7176 63
3.7184 63
3.7192 63
3.72 63
3.7208 63
3.7216 63
3.7224 63
3.7232 63
3.724 63
3.7248 63
3.7256 63
3.7264 63
3.7272 63
3.728 63
3.7288 63
3.7296 63
3.7304 63
3.7312 63
3.732 63
3.7328 63
3.7336 63
3.7344 63
3.7352 63
3.736 63
3.7368 63
3.7376 63
3.7384 63
3.7392 63
3.74 63
3.7408 63
3.7416 63
3.7424 63
3.7432 63
3.744 63
3.7448 63
3.7456 63
3.7464 63
3.7472 63
3.748 63
3.7488 63
3.7496 63
3.7504 63
3.7512 63
3.752 63
3.7528 63
3.7536 63
3.7544 64
3.7552 64
3.756 64
3.7568 64
3.7576 64
3.7584 64
3.7592 64
3.76 64
3.7608 64
3.7616 64
3.7624 64
3.7632 64
3.764 64
3.7648 64
3.7656 64
3.7672 64
3.768 64
3.7688 64
3.7696 64
3.7704 64
3.7712 64
3.772 64
3.7728 64
3.7736 64
3.7744 64
3.7752 64
3.776 64
3.7768 64
3.7776 64
3.7784 64
3.7792 64
3.78 64
3.7808 64
3.7816 64
3.7824 64
3.7832 64
3.784 64
3.7848 64
3.7856 64
3.7864 64
3.7872 64
3.788 64
3.7888 64
3.7896 64
3.7904 64
3.7912 64
3.792 64
3.7928 64
3.7936 64
3.7944 64
3.7952 64
3.796 64
3.7968 64
3.7976 64
3.7984 64
3.7992 64
3.8 64
3.8008 64
3.8016 64
3.8024 64
