0 1
0.0208 2
0.0416 3
0.0424 4
0.0624 5
0.0632 6
0.064 7
0.0648 8
0.0832 9
0.084 10
0.0848 11
0.0856 12
0.0864 13
0.0872 14
0.088 15
0.0888 16
0.104 17
0.1048 18
0.1056 19
0.1064 20
0.1072 21
0.108 22
0.1088 23
0.1096 24
0.1104 25
0.1112 26
0.112 27
0.1128 28
0.1136 29
0.1144 30
0.1152 31
0.116 32
0.1248 33
0.1256 34
0.1264 35
0.1272 36
0.128 37
0.1288 38
0.1296 39
0.1304 40
0.1312 41
0.132 42
0.1328 43
0.1336 44
0.1344 45
0.1352 46
0.136 47
0.1368 48
0.1376 49
0.1384 50
0.1392 51
0.14 52
0.1408 53
0.1416 54
0.1424 55
0.1432 56
0.144 57
0.1448 58
0.1456 59
0.1464 60
0.1472 61
0.148 62
0.1488 63
0.1496 64
0.1504 65
0.1512 66
0.152 67
0.1528 68
0.1536 69
0.1544 70
0.1552 71
0.156 72
0.1568 73
0.1576 74
0.1584 75
0.1592 76
0.16 77
0.1608 78
0.1616 79
0.1624 80
0.1632 81
0.164 82
0.1648 83
0.1656 84
0.1664 85
0.1672 86
0.168 87
0.1688 88
0.1696 89
0.1704 90
0.1712 91
0.172 92
0.1728 93
0.3728 1
0.3936 2
0.4144 3
0.4352 4
0.4368 5
0.4568 6
0.4584 7
0.46 8
0.4784 9
0.48 10
0.4816 11
0.4832 12
0.4992 13
0.5008 14
0.5024 15
0.504 16
0.5056 17
0.5072 18
0.52 19
0.5216 20
0.5232 21
0.5248 22
0.5264 23
0.528 24
0.5296 25
0.5312 26
0.5328 27
0.5408 28
0.5424 29
0.544 30
0.5456 31
0.5472 32
0.5488 33
0.5504 34
0.552 35
0.5536 36
0.5552 37
0.5568 38
0.5584 39
0.56 40
0.5616 41
0.5632 42
0.5648 43
0.5664 44
0.568 45
0.5696 46
0.5712 47
0.5728 47
0.5736 47
0.5744 47
0.5752 47
0.576 47
0.5768 47
0.5776 47
0.5784 47
0.5792 47
0.58 47
0.5808 47
0.5816 47
0.5824 47
0.5832 47
0.584 47
0.5848 47
0.5856 47
0.5864 47
0.5872 47
0.588 47
0.5888 47
0.5896 47
0.5904 47
0.5912 47
0.592 47
0.5928 47
0.5936 47
0.5944 47
0.5952 47
0.596 47
0.5968 47
0.5976 47
0.5984 47
0.5992 47
0.6 47
0.6008 47
0.6016 47
0.6024 47
0.6032 47
0.604 47
0.804 1
0.8248 2
0.8456 3
0.8664 4
0.8872 5
0.888 6
0.8888 7
0.8896 8
0.908 9
0.9088 10
0.9096 11
0.9104 12
0.9112 13
0.912 14
0.9128 15
0.9136 16
0.9288 17
0.9296 18
0.9304 19
0.9312 20
0.932 21
0.9328 22
0.9336 23
0.9344 24
0.9352 24
0.936 24
0.9368 24
0.9376 24
0.9384 24
0.9392 24
0.94 24
0.9408 24
0.9496 24
0.9504 24
0.9512 24
0.952 24
0.9528 24
0.9536 24
0.9544 24
0.9552 24
0.956 24
0.9568 24
0.9576 24
0.9584 24
0.9592 24
0.96 24
0.9608 24
0.9616 25
0.9624 25
0.9632 25
0.964 25
0.9648 25
0.9656 25
0.9664 25
0.9672 25
0.968 25
0.9704 25
0.9712 25
0.972 25
0.9728 25
0.9736 25
0.9744 25
0.9752 25
0.976 25
0.9768 25
0.9776 25
0.9784 25
0.9792 25
0.98 25
0.9808 25
0.9816 25
0.9824 25
0.9832 26
0.984 26
0.9848 26
0.9856 26
0.9864 26
0.9872 26
0.988 26
0.9888 26
0.9896 26
0.9912 26
0.992 26
0.9928 26
0.9936 26
0.9944 26
0.9952 26
0.996 26
0.9968 26
0.9976 26
0.9984 26
0.9992 26
1.0 26
1.0008 26
1.0016 26
1.0024 26
1.0032 26
1.004 26
1.0048 27
1.0056 27
1.0064 27
1.0072 27
1.008 27
1.0088 27
1.0096 27
1.0104 27
1.0112 27
1.012 27
1.0128 27
1.0136 27
1.0144 27
1.0152 27
1.016 27
1.0168 27
1.0176 27
1.0184 27
1.0192 27
1.02 27
1.0208 27
1.0216 27
1.0224 27
1.0232 27
1.024 27
1.0248 27
1.0256 27
1.0264 28
1.0272 28
1.028 28
1.0288 28
1.0296 28
1.0304 28
1.0312 28
1.032 28
1.0328 28
1.0336 28
1.0344 28
1.0352 28
1.036 28
1.0368 28
1.0376 28
1.0384 28
1.0392 28
1.04 28
1.0408 28
1.0416 28
1.0424 28
1.0432 28
1.044 28
1.0448 28
1.0456 28
1.0464 28
1.0472 28
1.048 28
1.0488 29
1.0496 29
1.0504 29
1.0512 29
1.052 29
1.0528 29
1.0536 29
1.0544 29
1.0552 29
1.056 29
1.0568 29
1.0576 29
1.0584 29
1.0592 29
1.06 29
1.0608 29
1.0616 29
1.0624 29
1.0632 29
1.064 29
1.0648 29
1.0656 29
1.0664 29
1.0672 29
1.068 29
1.0688 29
1.0696 29
1.0704 29
1.0712 29
1.072 30
1.0728 30
1.0736 30
1.0744 30
1.0752 30
1.076 30
1.0768 30
1.0776 30
1.0784 30
1.0792 30
1.08 30
1.0808 30
1.0816 30
1.0824 30
1.0832 30
1.084 30
1.0848 30
1.0856 30
1.0864 30
1.0872 30
1.088 30
1.0888 30
1.0896 30
1.0904 30
1.0912 30
1.092 30
1.0928 30
1.0936 30
1.0944 30
1.0952 30
1.096 31
1.0968 31
1.0976 31
1.0984 31
1.0992 31
1.1 31
1.1008 31
1.1016 31
1.1024 31
1.1032 31
1.104 31
1.1048 31
1.1056 31
1.1064 31
1.1072 31
1.108 31
1.1088 31
1.1096 31
1.1104 31
1.1112 31
1.112 31
