0 0
0.0208 0
0.0216 0
0.0416 0
0.0424 2
0.0432 1
0.044 0
0.0624 0
0.0632 0
0.064 1
0.0648 2
0.0656 3
0.0664 2
0.0672 1
0.068 0
0.0832 0
0.084 0
0.0848 1
0.0856 2
0.0864 3
0.0872 4
0.088 5
0.0888 6
0.0896 7
0.0904 6
0.0912 5
0.092 4
0.0928 3
0.0936 2
0.0944 1
0.0952 0
0.104 0
0.1048 0
0.1056 1
0.1064 2
0.1072 3
0.108 4
0.1088 5
0.1096 6
0.1104 7
0.1112 8
0.112 9
0.1128 10
0.1136 11
0.1144 12
0.1152 13
0.116 14
0.1168 15
0.1176 14
0.1184 13
0.1192 12
0.12 11
0.1208 10
0.1216 9
0.1224 8
0.1232 7
0.124 6
0.1248 5
0.1256 6
0.1264 7
0.1272 8
0.128 9
0.1288 10
0.1296 11
0.1304 12
0.1312 13
0.132 14
0.1328 15
0.1336 16
0.1344 17
0.1352 18
0.136 19
0.136 x
0.1368 19
0.1368 x
0.1376 19
0.1376 x
0.1384 19
0.1384 x
0.1392 19
0.1392 x
0.14 19
0.14 x
0.1408 19
0.1408 x
0.1416 19
0.1416 x
0.1424 19
0.1424 x
0.1432 19
0.1432 x
0.144 19
0.144 x
0.1448 19
0.1448 x
0.1456 19
0.1456 x
0.1464 19
0.1464 x
0.1472 19
0.1472 x
0.148 19
0.148 x
0.1488 19
0.1488 x
0.1496 19
0.1496 x
0.1504 19
0.1504 x
0.1512 19
0.1512 x
0.152 19
0.152 x
0.1528 19
0.1528 x
0.1536 19
0.1536 x
0.1544 19
0.1544 x
0.1552 19
0.1552 x
0.156 19
0.156 x
0.1568 19
0.1568 x
0.1576 19
0.1576 x
0.1584 19
0.1584 x
0.1592 19
0.1592 x
0.16 19
0.16 x
0.1608 19
0.1608 x
0.1616 19
0.1616 x
0.1624 19
0.1624 x
0.1632 19
0.1632 x
0.164 19
0.164 x
0.1648 19
0.1648 x
0.1656 19
0.1656 x
0.1664 19
0.1664 x
0.1672 19
0.1672 x
0.168 19
0.168 x
0.1688 19
0.1688 x
0.1696 19
0.1696 x
0.1704 19
0.1704 x
0.1712 19
0.1712 x
0.172 19
0.172 x
0.1728 19
0.1728 x
0.1736 19
0.1744 18
0.1752 17
0.176 16
0.1768 15
0.1776 14
0.1784 13
0.1792 12
0.18 11
0.1808 10
0.1816 9
0.1824 8
0.1832 7
0.184 6
0.1848 5
0.1856 4
0.1864 3
0.1872 2
0.188 1
0.1888 0
0.3728 0
0.3936 0
0.3944 0
0.4144 0
0.4152 1
0.416 0
0.4352 0
0.436 1
0.4368 0
0.4376 2
0.4384 1
0.4392 0
0.4568 0
0.4576 1
0.4584 0
0.4592 2
0.46 1
0.4608 3
0.4616 2
0.4624 1
0.4632 0
0.4784 0
0.4792 1
0.48 0
0.4808 2
0.4816 1
0.4824 3
0.4832 2
0.484 4
0.4848 3
0.4856 2
0.4864 1
0.4872 0
0.4992 0
0.5 1
0.5008 0
0.5016 2
0.5024 1
0.5032 3
0.504 2
0.5048 4
0.5056 3
0.5064 5
0.5072 4
0.508 6
0.5088 5
0.5096 4
0.5104 3
0.5112 2
0.512 1
0.5128 0
0.52 0
0.5208 1
0.5216 0
0.5224 2
0.5232 1
0.524 3
0.5248 2
0.5256 4
0.5264 3
0.5272 5
0.528 4
0.5288 6
0.5296 5
0.5304 7
0.5312 6
0.532 8
0.5328 7
0.5336 9
0.5344 8
0.5352 7
0.536 6
0.5368 5
0.5376 4
0.5384 3
0.5392 2
0.54 1
0.5408 3
0.5416 2
0.5424 4
0.5432 3
0.544 5
0.5448 4
0.5456 6
0.5464 5
0.5472 7
0.548 6
0.5488 8
0.5496 7
0.5504 9
0.5512 8
0.552 10
0.5528 9
0.5536 11
0.5544 10
0.5552 12
0.556 11
0.5568 13
0.5576 12
0.5584 14
0.5592 13
0.56 15
0.5608 14
0.5616 16
0.5624 15
0.5632 17
0.564 16
0.5648 18
0.5656 17
0.5664 19
0.5672 18
0.568 x
0.568 19
0.5688 18
0.5696 x
0.5696 19
0.5704 18
0.5712 x
0.5712 19
0.572 18
0.5728 18
0.5736 18
0.5744 18
0.5752 18
0.576 18
0.5768 18
0.5776 18
0.5784 18
0.5792 18
0.58 18
0.5808 18
0.5816 18
0.5824 18
0.5832 18
0.584 18
0.5848 18
0.5856 18
0.5864 18
0.5872 18
0.588 18
0.5888 18
0.5896 18
0.5904 18
0.5912 18
0.592 18
0.5928 18
0.5936 18
0.5944 18
0.5952 18
0.596 18
0.5968 18
0.5976 18
0.5984 18
0.5992 18
0.6 18
0.6008 18
0.6016 18
0.6024 18
0.6032 18
0.604 18
0.6048 17
0.6056 16
0.6064 15
0.6072 14
0.608 13
0.6088 12
0.6096 11
0.6104 10
0.6112 9
0.612 8
0.6128 7
0.6136 6
0.6144 5
0.6152 4
0.616 3
0.6168 2
0.6176 1
0.6184 0
0.804 0
0.8248 0
0.8256 0
0.8456 0
0.8464 1
0.8472 0
0.8664 0
0.8672 2
0.868 1
0.8688 0
0.8872 0
0.888 0
0.8888 1
0.8896 2
0.8904 3
0.8912 2
0.892 1
0.8928 0
0.908 0
0.9088 0
0.9096 1
0.9104 2
0.9112 3
0.912 4
0.9128 5
0.9136 6
0.9144 7
0.9152 6
0.916 5
0.9168 4
0.9176 3
0.9184 2
0.9192 1
0.92 0
0.9288 0
0.9296 0
0.9304 1
0.9312 2
0.932 3
0.9328 4
0.9336 5
0.9344 6
0.9352 7
0.936 7
0.9368 7
0.9376 7
0.9384 7
0.9392 7
0.94 7
0.9408 7
0.9416 7
0.9424 6
0.9432 5
0.944 4
0.9448 3
0.9456 2
0.9464 1
0.9472 0
0.9496 0
0.9504 0
0.9512 0
0.952 0
0.9528 0
0.9536 0
0.9544 0
0.9552 0
0.956 0
0.9568 0
0.9576 0
0.9584 0
0.9592 0
0.96 0
0.9608 0
0.9616 0
0.9624 0
0.9632 0
0.964 0
0.9648 0
0.9656 0
0.9664 0
0.9672 0
0.968 0
0.9688 0
0.9704 0
0.9712 0
0.972 0
0.9728 0
0.9736 0
0.9744 0
0.9752 0
0.976 0
0.9768 0
0.9776 0
0.9784 0
0.9792 0
0.98 0
0.9808 0
0.9816 0
0.9824 0
0.9832 0
0.984 0
0.9848 0
0.9856 0
0.9864 0
0.9872 0
0.988 0
0.9888 0
0.9896 0
0.9904 0
0.9912 0
0.992 0
0.9928 0
0.9936 0
0.9944 0
0.9952 0
0.996 0
0.9968 0
0.9976 0
0.9984 0
0.9992 0
1.0 0
1.0008 0
1.0016 0
1.0024 0
1.0032 0
1.004 0
1.0048 0
1.0056 0
1.0064 0
1.0072 0
1.008 0
1.0088 0
1.0096 0
1.0104 0
1.0112 0
1.012 0
1.0128 0
1.0136 0
1.0144 0
1.0152 0
1.016 0
1.0168 0
1.0176 0
1.0184 0
1.0192 0
1.02 0
1.0208 0
1.0216 0
1.0224 0
1.0232 0
1.024 0
1.0248 0
1.0256 0
1.0264 0
1.0272 1
1.028 1
1.0288 1
1.0296 1
1.0304 1
1.0312 1
1.032 1
1.0328 1
1.0336 1
1.0344 1
1.0352 1
1.036 1
1.0368 1
1.0376 1
1.0384 1
1.0392 1
1.04 1
1.0408 1
1.0416 1
1.0424 1
1.0432 1
1.044 1
1.0448 1
1.0456 1
1.0464 1
1.0472 1
1.048 1
1.0488 1
1.0496 2
1.0504 2
1.0512 2
1.052 2
1.0528 2
1.0536 2
1.0544 2
1.0552 2
1.056 2
1.0568 2
1.0576 2
1.0584 2
1.0592 2
1.06 2
1.0608 2
1.0616 2
1.0624 2
1.0632 2
1.064 2
1.0648 2
1.0656 2
1.0664 2
1.0672 2
1.068 2
1.0688 2
1.0696 2
1.0704 2
1.0712 2
1.072 2
1.0728 3
1.0736 3
1.0744 3
1.0752 3
1.076 3
1.0768 3
1.0776 3
1.0784 3
1.0792 3
1.08 3
1.0808 3
1.0816 3
1.0824 3
1.0832 3
1.084 3
1.0848 3
1.0856 3
1.0864 3
1.0872 3
1.088 3
1.0888 3
1.0896 2
1.0904 1
1.0912 0
