1 0 0 1000
1 0.0208 0 0
1 0.0208 1000 1000
1 0.0208 2000 1000
1 0.0416 1000 0
1 0.0416 3000 1000
1 0.0416 4000 1000
1 0.0424 2000 0
1 0.0424 5000 1000
1 0.0424 6000 1000
1 0.0624 3000 0
1 0.0624 7000 1000
1 0.0624 8000 1000
1 0.0632 4000 0
1 0.0632 9000 1000
1 0.0632 10000 1000
1 0.064 5000 0
1 0.064 11000 1000
1 0.064 12000 1000
1 0.0648 6000 0
1 0.0648 13000 1000
1 0.0648 14000 1000
1 0.0832 7000 0
1 0.0832 15000 1000
1 0.0832 16000 1000
1 0.084 8000 0
1 0.084 17000 1000
1 0.084 18000 1000
1 0.0848 9000 0
1 0.0848 19000 1000
1 0.0848 20000 1000
1 0.0856 10000 0
1 0.0856 21000 1000
1 0.0856 22000 1000
1 0.0864 11000 0
1 0.0864 23000 1000
1 0.0864 24000 1000
1 0.0872 12000 0
1 0.0872 25000 1000
1 0.0872 26000 1000
1 0.088 13000 0
1 0.088 27000 1000
1 0.088 28000 1000
1 0.0888 14000 0
1 0.0888 29000 1000
1 0.0888 30000 1000
1 0.104 15000 0
1 0.104 31000 1000
1 0.104 32000 1000
1 0.1048 16000 0
1 0.1048 33000 1000
1 0.1048 34000 1000
1 0.1056 17000 0
1 0.1056 35000 1000
1 0.1056 36000 1000
1 0.1064 18000 0
1 0.1064 37000 1000
1 0.1064 38000 1000
1 0.1072 19000 0
1 0.1072 39000 1000
1 0.1072 40000 1000
1 0.108 20000 0
1 0.108 41000 1000
1 0.108 42000 1000
1 0.1088 21000 0
1 0.1088 43000 1000
1 0.1088 44000 1000
1 0.1096 22000 0
1 0.1096 45000 1000
1 0.1096 46000 1000
1 0.1104 23000 0
1 0.1104 47000 1000
1 0.1104 48000 1000
1 0.1112 24000 0
1 0.1112 49000 1000
1 0.1112 50000 1000
1 0.112 25000 0
1 0.112 51000 1000
1 0.112 52000 1000
1 0.1128 26000 0
1 0.1128 53000 1000
1 0.1128 54000 1000
1 0.1136 27000 0
1 0.1136 55000 1000
1 0.1136 56000 1000
1 0.1144 28000 0
1 0.1144 57000 1000
1 0.1144 58000 1000
1 0.1152 29000 0
1 0.1152 59000 1000
1 0.1152 60000 1000
1 0.116 30000 0
1 0.116 61000 1000
1 0.116 62000 1000
1 0.1248 31000 0
1 0.1248 63000 1000
1 0.1248 64000 1000
1 0.1256 32000 0
1 0.1256 65000 1000
1 0.1256 66000 1000
1 0.1264 33000 0
1 0.1264 67000 1000
1 0.1264 68000 1000
1 0.1272 34000 0
1 0.1272 69000 1000
1 0.1272 70000 1000
1 0.128 35000 0
1 0.128 71000 1000
1 0.128 72000 1000
1 0.1288 36000 0
1 0.1288 73000 1000
1 0.1288 74000 1000
1 0.1296 37000 0
1 0.1296 75000 1000
1 0.1296 76000 1000
1 0.1304 38000 0
1 0.1304 77000 1000
1 0.1304 78000 1000
1 0.1312 39000 0
1 0.1312 79000 1000
1 0.1312 80000 1000
1 0.132 40000 0
1 0.132 81000 1000
1 0.132 82000 1000
1 0.1328 41000 0
1 0.1328 83000 1000
1 0.1328 84000 1000
1 0.1336 42000 0
1 0.1336 85000 1000
1 0.1336 86000 1000
1 0.1344 43000 0
1 0.1344 87000 1000
1 0.1344 88000 1000
1 0.1352 44000 0
1 0.1352 89000 1000
1 0.1352 90000 1000
1 0.136 45000 0
1 0.136 91000 1000
1 0.136 92000 1000
1 0.136 92000 x
1 0.1368 46000 0
1 0.1368 93000 1000
1 0.1368 94000 1000
1 0.1368 94000 x
1 0.1376 47000 0
1 0.1376 95000 1000
1 0.1376 96000 1000
1 0.1376 96000 x
1 0.1384 48000 0
1 0.1384 97000 1000
1 0.1384 98000 1000
1 0.1384 98000 x
1 0.1392 49000 0
1 0.1392 99000 1000
1 0.1392 100000 1000
1 0.1392 100000 x
1 0.14 50000 0
1 0.14 101000 1000
1 0.14 102000 1000
1 0.14 102000 x
1 0.1408 51000 0
1 0.1408 103000 1000
1 0.1408 104000 1000
1 0.1408 104000 x
1 0.1416 52000 0
1 0.1416 105000 1000
1 0.1416 106000 1000
1 0.1416 106000 x
1 0.1424 53000 0
1 0.1424 107000 1000
1 0.1424 108000 1000
1 0.1424 108000 x
1 0.1432 54000 0
1 0.1432 109000 1000
1 0.1432 110000 1000
1 0.1432 110000 x
1 0.144 55000 0
1 0.144 111000 1000
1 0.144 112000 1000
1 0.144 112000 x
1 0.1448 56000 0
1 0.1448 113000 1000
1 0.1448 114000 1000
1 0.1448 114000 x
1 0.1456 57000 0
1 0.1456 115000 1000
1 0.1456 116000 1000
1 0.1456 116000 x
1 0.1464 58000 0
1 0.1464 117000 1000
1 0.1464 118000 1000
1 0.1464 118000 x
1 0.1472 59000 0
1 0.1472 119000 1000
1 0.1472 120000 1000
1 0.1472 120000 x
1 0.148 60000 0
1 0.148 121000 1000
1 0.148 122000 1000
1 0.148 122000 x
1 0.1488 61000 0
1 0.1488 123000 1000
1 0.1488 124000 1000
1 0.1488 124000 x
1 0.1496 62000 0
1 0.1496 125000 1000
1 0.1496 126000 1000
1 0.1496 126000 x
1 0.1504 63000 0
1 0.1504 127000 1000
1 0.1504 128000 1000
1 0.1504 128000 x
1 0.1512 64000 0
1 0.1512 129000 1000
1 0.1512 130000 1000
1 0.1512 130000 x
1 0.152 65000 0
1 0.152 131000 1000
1 0.152 132000 1000
1 0.152 132000 x
1 0.1528 66000 0
1 0.1528 133000 1000
1 0.1528 134000 1000
1 0.1528 134000 x
1 0.1536 67000 0
1 0.1536 135000 1000
1 0.1536 136000 1000
1 0.1536 136000 x
1 0.1544 68000 0
1 0.1544 137000 1000
1 0.1544 138000 1000
1 0.1544 138000 x
1 0.1552 69000 0
1 0.1552 139000 1000
1 0.1552 140000 1000
1 0.1552 140000 x
1 0.156 70000 0
1 0.156 141000 1000
1 0.156 142000 1000
1 0.156 142000 x
1 0.1568 71000 0
1 0.1568 143000 1000
1 0.1568 144000 1000
1 0.1568 144000 x
1 0.1576 72000 0
1 0.1576 145000 1000
1 0.1576 146000 1000
1 0.1576 146000 x
1 0.1584 73000 0
1 0.1584 147000 1000
1 0.1584 148000 1000
1 0.1584 148000 x
1 0.1592 74000 0
1 0.1592 149000 1000
1 0.1592 150000 1000
1 0.1592 150000 x
1 0.16 75000 0
1 0.16 151000 1000
1 0.16 152000 1000
1 0.16 152000 x
1 0.1608 76000 0
1 0.1608 153000 1000
1 0.1608 154000 1000
1 0.1608 154000 x
1 0.1616 77000 0
1 0.1616 155000 1000
1 0.1616 156000 1000
1 0.1616 156000 x
1 0.1624 78000 0
1 0.1624 157000 1000
1 0.1624 158000 1000
1 0.1624 158000 x
1 0.1632 79000 0
1 0.1632 159000 1000
1 0.1632 160000 1000
1 0.1632 160000 x
1 0.164 80000 0
1 0.164 161000 1000
1 0.164 162000 1000
1 0.164 162000 x
1 0.1648 81000 0
1 0.1648 163000 1000
1 0.1648 164000 1000
1 0.1648 164000 x
1 0.1656 82000 0
1 0.1656 165000 1000
1 0.1656 166000 1000
1 0.1656 166000 x
1 0.1664 83000 0
1 0.1664 167000 1000
1 0.1664 168000 1000
1 0.1664 168000 x
1 0.1672 84000 0
1 0.1672 169000 1000
1 0.1672 170000 1000
1 0.1672 170000 x
1 0.168 85000 0
1 0.168 171000 1000
1 0.168 172000 1000
1 0.168 172000 x
1 0.1688 86000 0
1 0.1688 173000 1000
1 0.1688 174000 1000
1 0.1688 174000 x
1 0.1696 87000 0
1 0.1696 175000 1000
1 0.1696 176000 1000
1 0.1696 176000 x
1 0.1704 88000 0
1 0.1704 177000 1000
1 0.1704 178000 1000
1 0.1704 178000 x
1 0.1712 89000 0
1 0.1712 179000 1000
1 0.1712 180000 1000
1 0.1712 180000 x
1 0.172 90000 0
1 0.172 181000 1000
1 0.172 182000 1000
1 0.172 182000 x
1 0.1728 91000 0
1 0.1728 183000 1000
1 0.1728 184000 1000
1 0.1728 184000 x
1 0.3728 92000 1000
1 0.3936 93000 0
1 0.3936 94000 1000
1 0.3936 95000 1000
1 0.4144 95000 0
1 0.4144 96000 1000
1 0.4144 97000 1000
1 0.4144 98000 1000
1 0.4352 97000 0
1 0.4352 99000 1000
1 0.4352 100000 1000
1 0.4352 101000 1000
1 0.4368 99000 0
1 0.4368 102000 1000
1 0.4368 103000 1000
1 0.4368 104000 1000
1 0.4568 101000 0
1 0.4568 105000 1000
1 0.4568 106000 1000
1 0.4568 107000 1000
1 0.4584 103000 0
1 0.4584 108000 1000
1 0.4584 109000 1000
1 0.4584 110000 1000
1 0.46 105000 0
1 0.46 111000 1000
1 0.46 112000 1000
1 0.46 113000 1000
1 0.4784 107000 0
1 0.4784 114000 1000
1 0.4784 115000 1000
1 0.4784 116000 1000
1 0.48 109000 0
1 0.48 117000 1000
1 0.48 118000 1000
1 0.48 119000 1000
1 0.4816 111000 0
1 0.4816 120000 1000
1 0.4816 121000 1000
1 0.4816 122000 1000
1 0.4832 113000 0
1 0.4832 123000 1000
1 0.4832 124000 1000
1 0.4832 125000 1000
1 0.4992 115000 0
1 0.4992 126000 1000
1 0.4992 127000 1000
1 0.4992 128000 1000
1 0.5008 117000 0
1 0.5008 129000 1000
1 0.5008 130000 1000
1 0.5008 131000 1000
1 0.5024 119000 0
1 0.5024 132000 1000
1 0.5024 133000 1000
1 0.5024 134000 1000
1 0.504 121000 0
1 0.504 135000 1000
1 0.504 136000 1000
1 0.504 137000 1000
1 0.5056 123000 0
1 0.5056 138000 1000
1 0.5056 139000 1000
1 0.5056 140000 1000
1 0.5072 125000 0
1 0.5072 141000 1000
1 0.5072 142000 1000
1 0.5072 143000 1000
1 0.52 127000 0
1 0.52 144000 1000
1 0.52 145000 1000
1 0.52 146000 1000
1 0.5216 129000 0
1 0.5216 147000 1000
1 0.5216 148000 1000
1 0.5216 149000 1000
1 0.5232 131000 0
1 0.5232 150000 1000
1 0.5232 151000 1000
1 0.5232 152000 1000
1 0.5248 133000 0
1 0.5248 153000 1000
1 0.5248 154000 1000
1 0.5248 155000 1000
1 0.5264 135000 0
1 0.5264 156000 1000
1 0.5264 157000 1000
1 0.5264 158000 1000
1 0.528 137000 0
1 0.528 159000 1000
1 0.528 160000 1000
1 0.528 161000 1000
1 0.5296 139000 0
1 0.5296 162000 1000
1 0.5296 163000 1000
1 0.5296 164000 1000
1 0.5312 141000 0
1 0.5312 165000 1000
1 0.5312 166000 1000
1 0.5312 167000 1000
1 0.5328 143000 0
1 0.5328 168000 1000
1 0.5328 169000 1000
1 0.5328 170000 1000
1 0.5408 145000 0
1 0.5408 171000 1000
1 0.5408 172000 1000
1 0.5408 173000 1000
1 0.5424 147000 0
1 0.5424 174000 1000
1 0.5424 175000 1000
1 0.5424 176000 1000
1 0.544 149000 0
1 0.544 177000 1000
1 0.544 178000 1000
1 0.544 179000 1000
1 0.5456 151000 0
1 0.5456 180000 1000
1 0.5456 181000 1000
1 0.5456 182000 1000
1 0.5472 153000 0
1 0.5472 183000 1000
1 0.5472 184000 1000
1 0.5472 185000 1000
1 0.5488 155000 0
1 0.5488 186000 1000
1 0.5488 187000 1000
1 0.5488 188000 1000
1 0.5504 157000 0
1 0.5504 189000 1000
1 0.5504 190000 1000
1 0.5504 191000 1000
1 0.552 159000 0
1 0.552 192000 1000
1 0.552 193000 1000
1 0.552 194000 1000
1 0.5536 161000 0
1 0.5536 195000 1000
1 0.5536 196000 1000
1 0.5536 197000 1000
1 0.5552 163000 0
1 0.5552 198000 1000
1 0.5552 199000 1000
1 0.5552 200000 1000
1 0.5568 165000 0
1 0.5568 201000 1000
1 0.5568 202000 1000
1 0.5568 203000 1000
1 0.5584 167000 0
1 0.5584 204000 1000
1 0.5584 205000 1000
1 0.5584 206000 1000
1 0.56 169000 0
1 0.56 207000 1000
1 0.56 208000 1000
1 0.56 209000 1000
1 0.5616 171000 0
1 0.5616 210000 1000
1 0.5616 211000 1000
1 0.5616 212000 1000
1 0.5632 173000 0
1 0.5632 213000 1000
1 0.5632 214000 1000
1 0.5632 215000 1000
1 0.5648 175000 0
1 0.5648 216000 1000
1 0.5648 217000 1000
1 0.5648 218000 1000
1 0.5664 177000 0
1 0.5664 219000 1000
1 0.5664 220000 1000
1 0.5664 221000 1000
1 0.568 179000 0
1 0.568 222000 1000
1 0.568 223000 1000
1 0.568 224000 1000
1 0.568 224000 x
1 0.5696 181000 0
1 0.5696 225000 1000
1 0.5696 226000 1000
1 0.5696 227000 1000
1 0.5696 227000 x
1 0.5712 183000 0
1 0.5712 228000 1000
1 0.5712 229000 1000
1 0.5712 230000 1000
1 0.5712 230000 x
1 0.5728 184000 0
1 0.5728 231000 1000
1 0.5736 185000 0
1 0.5736 232000 1000
1 0.5744 186000 0
1 0.5744 233000 1000
1 0.5752 187000 0
1 0.5752 234000 1000
1 0.576 188000 0
1 0.576 235000 1000
1 0.5768 189000 0
1 0.5768 236000 1000
1 0.5776 190000 0
1 0.5776 237000 1000
1 0.5784 191000 0
1 0.5784 238000 1000
1 0.5792 192000 0
1 0.5792 239000 1000
1 0.58 193000 0
1 0.58 240000 1000
1 0.5808 194000 0
1 0.5808 241000 1000
1 0.5816 195000 0
1 0.5816 242000 1000
1 0.5824 196000 0
1 0.5824 243000 1000
1 0.5832 197000 0
1 0.5832 244000 1000
1 0.584 198000 0
1 0.584 245000 1000
1 0.5848 199000 0
1 0.5848 246000 1000
1 0.5856 200000 0
1 0.5856 247000 1000
1 0.5864 201000 0
1 0.5864 248000 1000
1 0.5872 202000 0
1 0.5872 249000 1000
1 0.588 203000 0
1 0.588 250000 1000
1 0.5888 204000 0
1 0.5888 251000 1000
1 0.5896 205000 0
1 0.5896 252000 1000
1 0.5904 206000 0
1 0.5904 253000 1000
1 0.5912 207000 0
1 0.5912 254000 1000
1 0.592 208000 0
1 0.592 255000 1000
1 0.5928 209000 0
1 0.5928 256000 1000
1 0.5936 210000 0
1 0.5936 257000 1000
1 0.5944 211000 0
1 0.5944 258000 1000
1 0.5952 212000 0
1 0.5952 259000 1000
1 0.596 213000 0
1 0.596 260000 1000
1 0.5968 214000 0
1 0.5968 261000 1000
1 0.5976 215000 0
1 0.5976 262000 1000
1 0.5984 216000 0
1 0.5984 263000 1000
1 0.5992 217000 0
1 0.5992 264000 1000
1 0.6 218000 0
1 0.6 265000 1000
1 0.6008 219000 0
1 0.6008 266000 1000
1 0.6016 220000 0
1 0.6016 267000 1000
1 0.6024 221000 0
1 0.6024 268000 1000
1 0.6032 222000 0
1 0.6032 269000 1000
1 0.604 223000 0
1 0.604 270000 1000
1 0.804 224000 1000
1 0.8248 226000 0
1 0.8248 227000 1000
1 0.8248 228000 1000
1 0.8456 229000 0
1 0.8456 230000 1000
1 0.8456 231000 1000
1 0.8456 232000 1000
1 0.8664 270000 0
1 0.8664 271000 1000
1 0.8664 272000 1000
1 0.8664 273000 1000
1 0.8664 274000 1000
1 0.8872 271000 0
1 0.8872 275000 1000
1 0.8872 276000 1000
1 0.888 272000 0
1 0.888 277000 1000
1 0.888 278000 1000
1 0.8888 273000 0
1 0.8888 279000 1000
1 0.8888 280000 1000
1 0.8896 274000 0
1 0.8896 281000 1000
1 0.8896 282000 1000
1 0.908 275000 0
1 0.908 283000 1000
1 0.908 284000 1000
1 0.9088 276000 0
1 0.9088 285000 1000
1 0.9088 286000 1000
1 0.9096 277000 0
1 0.9096 287000 1000
1 0.9096 288000 1000
1 0.9104 278000 0
1 0.9104 289000 1000
1 0.9104 290000 1000
1 0.9112 279000 0
1 0.9112 291000 1000
1 0.9112 292000 1000
1 0.912 280000 0
1 0.912 293000 1000
1 0.912 294000 1000
1 0.9128 281000 0
1 0.9128 295000 1000
1 0.9128 296000 1000
1 0.9136 282000 0
1 0.9136 297000 1000
1 0.9136 298000 1000
1 0.9288 283000 0
1 0.9288 299000 1000
1 0.9288 300000 1000
1 0.9296 284000 0
1 0.9296 301000 1000
1 0.9296 302000 1000
1 0.9304 285000 0
1 0.9304 303000 1000
1 0.9304 304000 1000
1 0.9312 286000 0
1 0.9312 305000 1000
1 0.9312 306000 1000
1 0.932 287000 0
1 0.932 307000 1000
1 0.932 308000 1000
1 0.9328 288000 0
1 0.9328 309000 1000
1 0.9328 310000 1000
1 0.9336 289000 0
1 0.9336 311000 1000
1 0.9336 312000 1000
1 0.9344 290000 0
1 0.9344 313000 1000
1 0.9344 314000 1000
1 0.9352 291000 0
1 0.9352 315000 1000
1 0.936 292000 0
1 0.936 316000 1000
1 0.9368 293000 0
1 0.9368 317000 1000
1 0.9376 294000 0
1 0.9376 318000 1000
1 0.9384 295000 0
1 0.9384 319000 1000
1 0.9392 296000 0
1 0.9392 320000 1000
1 0.94 297000 0
1 0.94 321000 1000
1 0.9408 298000 0
1 0.9408 322000 1000
1 0.9496 299000 0
1 0.9496 323000 1000
1 0.9504 300000 0
1 0.9504 324000 1000
1 0.9512 301000 0
1 0.9512 325000 1000
1 0.952 302000 0
1 0.952 326000 1000
1 0.9528 303000 0
1 0.9528 327000 1000
1 0.9536 304000 0
1 0.9536 328000 1000
1 0.9544 305000 0
1 0.9544 329000 1000
1 0.9552 306000 0
1 0.9552 330000 1000
1 0.956 307000 0
1 0.956 331000 1000
1 0.9568 308000 0
1 0.9568 332000 1000
1 0.9576 309000 0
1 0.9576 333000 1000
1 0.9584 310000 0
1 0.9584 334000 1000
1 0.9592 311000 0
1 0.9592 335000 1000
1 0.96 312000 0
1 0.96 336000 1000
1 0.9608 313000 0
1 0.9608 337000 1000
1 0.9616 314000 0
1 0.9616 338000 1000
1 0.9616 339000 1000
1 0.9624 315000 0
1 0.9624 340000 1000
1 0.9632 316000 0
1 0.9632 341000 1000
1 0.964 317000 0
1 0.964 342000 1000
1 0.9648 318000 0
1 0.9648 343000 1000
1 0.9656 319000 0
1 0.9656 344000 1000
1 0.9664 320000 0
1 0.9664 345000 1000
1 0.9672 321000 0
1 0.9672 346000 1000
1 0.968 322000 0
1 0.968 347000 1000
1 0.9704 323000 0
1 0.9704 348000 1000
1 0.9712 324000 0
1 0.9712 349000 1000
1 0.972 325000 0
1 0.972 350000 1000
1 0.9728 326000 0
1 0.9728 351000 1000
1 0.9736 327000 0
1 0.9736 352000 1000
1 0.9744 328000 0
1 0.9744 353000 1000
1 0.9752 329000 0
1 0.9752 354000 1000
1 0.976 330000 0
1 0.976 355000 1000
1 0.9768 331000 0
1 0.9768 356000 1000
1 0.9776 332000 0
1 0.9776 357000 1000
1 0.9784 333000 0
1 0.9784 358000 1000
1 0.9792 334000 0
1 0.9792 359000 1000
1 0.98 335000 0
1 0.98 360000 1000
1 0.9808 336000 0
1 0.9808 361000 1000
1 0.9816 337000 0
1 0.9816 362000 1000
1 0.9824 338000 0
1 0.9824 363000 1000
1 0.9832 339000 0
1 0.9832 364000 1000
1 0.9832 365000 1000
1 0.984 340000 0
1 0.984 366000 1000
1 0.9848 341000 0
1 0.9848 367000 1000
1 0.9856 342000 0
1 0.9856 368000 1000
1 0.9864 343000 0
1 0.9864 369000 1000
1 0.9872 344000 0
1 0.9872 370000 1000
1 0.988 345000 0
1 0.988 371000 1000
1 0.9888 346000 0
1 0.9888 372000 1000
1 0.9896 347000 0
1 0.9896 373000 1000
1 0.9912 348000 0
1 0.9912 374000 1000
1 0.992 349000 0
1 0.992 375000 1000
1 0.9928 350000 0
1 0.9928 376000 1000
1 0.9936 351000 0
1 0.9936 377000 1000
1 0.9944 352000 0
1 0.9944 378000 1000
1 0.9952 353000 0
1 0.9952 379000 1000
1 0.996 354000 0
1 0.996 380000 1000
1 0.9968 355000 0
1 0.9968 381000 1000
1 0.9976 356000 0
1 0.9976 382000 1000
1 0.9984 357000 0
1 0.9984 383000 1000
1 0.9992 358000 0
1 0.9992 384000 1000
1 1.0 359000 0
1 1.0 385000 1000
1 1.0008 360000 0
1 1.0008 386000 1000
1 1.0016 361000 0
1 1.0016 387000 1000
1 1.0024 362000 0
1 1.0024 388000 1000
1 1.0032 363000 0
1 1.0032 389000 1000
1 1.004 364000 0
1 1.004 390000 1000
1 1.0048 365000 0
1 1.0048 391000 1000
1 1.0048 392000 1000
1 1.0056 366000 0
1 1.0056 393000 1000
1 1.0064 367000 0
1 1.0064 394000 1000
1 1.0072 368000 0
1 1.0072 395000 1000
1 1.008 369000 0
1 1.008 396000 1000
1 1.0088 370000 0
1 1.0088 397000 1000
1 1.0096 371000 0
1 1.0096 398000 1000
1 1.0104 372000 0
1 1.0104 399000 1000
1 1.0112 373000 0
1 1.0112 400000 1000
1 1.012 374000 0
1 1.012 401000 1000
1 1.0128 375000 0
1 1.0128 402000 1000
1 1.0136 376000 0
1 1.0136 403000 1000
1 1.0144 377000 0
1 1.0144 404000 1000
1 1.0152 378000 0
1 1.0152 405000 1000
1 1.016 379000 0
1 1.016 406000 1000
1 1.0168 380000 0
1 1.0168 407000 1000
1 1.0176 381000 0
1 1.0176 408000 1000
1 1.0184 382000 0
1 1.0184 409000 1000
1 1.0192 383000 0
1 1.0192 410000 1000
1 1.02 384000 0
1 1.02 411000 1000
1 1.0208 385000 0
1 1.0208 412000 1000
1 1.0216 386000 0
1 1.0216 413000 1000
1 1.0224 387000 0
1 1.0224 414000 1000
1 1.0232 388000 0
1 1.0232 415000 1000
1 1.024 389000 0
1 1.024 416000 1000
1 1.0248 390000 0
1 1.0248 417000 1000
1 1.0256 391000 0
1 1.0256 418000 1000
1 1.0264 392000 0
1 1.0264 419000 1000
1 1.0264 420000 1000
1 1.0272 393000 0
1 1.0272 421000 1000
1 1.028 394000 0
1 1.028 422000 1000
1 1.0288 395000 0
1 1.0288 423000 1000
1 1.0296 396000 0
1 1.0296 424000 1000
1 1.0304 397000 0
1 1.0304 425000 1000
1 1.0312 398000 0
1 1.0312 426000 1000
1 1.032 399000 0
1 1.032 427000 1000
1 1.0328 400000 0
1 1.0328 428000 1000
1 1.0336 401000 0
1 1.0336 429000 1000
1 1.0344 402000 0
1 1.0344 430000 1000
1 1.0352 403000 0
1 1.0352 431000 1000
1 1.036 404000 0
1 1.036 432000 1000
1 1.0368 405000 0
1 1.0368 433000 1000
1 1.0376 406000 0
1 1.0376 434000 1000
1 1.0384 407000 0
1 1.0384 435000 1000
1 1.0392 408000 0
1 1.0392 436000 1000
1 1.04 409000 0
1 1.04 437000 1000
1 1.0408 410000 0
1 1.0408 438000 1000
1 1.0416 411000 0
1 1.0416 439000 1000
1 1.0424 412000 0
1 1.0424 440000 1000
1 1.0432 413000 0
1 1.0432 441000 1000
1 1.044 414000 0
1 1.044 442000 1000
1 1.0448 415000 0
1 1.0448 443000 1000
1 1.0456 416000 0
1 1.0456 444000 1000
1 1.0464 417000 0
1 1.0464 445000 1000
1 1.0472 418000 0
1 1.0472 446000 1000
1 1.048 419000 0
1 1.048 447000 1000
1 1.0488 420000 0
1 1.0488 448000 1000
1 1.0488 449000 1000
1 1.0496 421000 0
1 1.0496 450000 1000
1 1.0504 422000 0
1 1.0504 451000 1000
1 1.0512 423000 0
1 1.0512 452000 1000
1 1.052 424000 0
1 1.052 453000 1000
1 1.0528 425000 0
1 1.0528 454000 1000
1 1.0536 426000 0
1 1.0536 455000 1000
1 1.0544 427000 0
1 1.0544 456000 1000
1 1.0552 428000 0
1 1.0552 457000 1000
1 1.056 429000 0
1 1.056 458000 1000
1 1.0568 430000 0
1 1.0568 459000 1000
1 1.0576 431000 0
1 1.0576 460000 1000
1 1.0584 432000 0
1 1.0584 461000 1000
1 1.0592 433000 0
1 1.0592 462000 1000
1 1.06 434000 0
1 1.06 463000 1000
1 1.0608 435000 0
1 1.0608 464000 1000
1 1.0616 436000 0
1 1.0616 465000 1000
1 1.0624 437000 0
1 1.0624 466000 1000
1 1.0632 438000 0
1 1.0632 467000 1000
1 1.064 439000 0
1 1.064 468000 1000
1 1.0648 440000 0
1 1.0648 469000 1000
1 1.0656 441000 0
1 1.0656 470000 1000
1 1.0664 442000 0
1 1.0664 471000 1000
1 1.0672 443000 0
1 1.0672 472000 1000
1 1.068 444000 0
1 1.068 473000 1000
1 1.0688 445000 0
1 1.0688 474000 1000
1 1.0696 446000 0
1 1.0696 475000 1000
1 1.0704 447000 0
1 1.0704 476000 1000
1 1.0712 448000 0
1 1.0712 477000 1000
1 1.072 449000 0
1 1.072 478000 1000
1 1.072 479000 1000
1 1.0728 450000 0
1 1.0728 480000 1000
1 1.0736 451000 0
1 1.0736 481000 1000
1 1.0744 452000 0
1 1.0744 482000 1000
1 1.0752 453000 0
1 1.0752 483000 1000
1 1.076 454000 0
1 1.076 484000 1000
1 1.0768 455000 0
1 1.0768 485000 1000
1 1.0776 456000 0
1 1.0776 486000 1000
1 1.0784 457000 0
1 1.0784 487000 1000
1 1.0792 458000 0
1 1.0792 488000 1000
1 1.08 459000 0
1 1.08 489000 1000
1 1.0808 460000 0
1 1.0808 490000 1000
1 1.0816 461000 0
1 1.0816 491000 1000
1 1.0824 462000 0
1 1.0824 492000 1000
1 1.0832 463000 0
1 1.0832 493000 1000
1 1.084 464000 0
1 1.084 494000 1000
1 1.0848 465000 0
1 1.0848 495000 1000
1 1.0856 466000 0
1 1.0856 496000 1000
1 1.0864 467000 0
1 1.0864 497000 1000
1 1.0872 468000 0
1 1.0872 498000 1000
1 1.088 469000 0
1 1.088 499000 1000
1 1.0888 470000 0
1 1.0896 471000 0
1 1.0904 472000 0
1 1.0912 473000 0
1 1.092 474000 0
1 1.0928 475000 0
1 1.0936 476000 0
1 1.0944 477000 0
1 1.0952 478000 0
1 1.096 479000 0
1 1.0968 480000 0
1 1.0976 481000 0
1 1.0984 482000 0
1 1.0992 483000 0
1 1.1 484000 0
1 1.1008 485000 0
1 1.1016 486000 0
1 1.1024 487000 0
1 1.1032 488000 0
1 1.104 489000 0
1 1.1048 490000 0
1 1.1056 491000 0
1 1.1064 492000 0
1 1.1072 493000 0
1 1.108 494000 0
1 1.1088 495000 0
1 1.1096 496000 0
1 1.1104 497000 0
1 1.1112 498000 0
1 1.112 499000 0
