0 0
0.0008 0
0.0208 0
0.0216 0
0.0224 1
0.0232 0
0.0416 0
0.0424 2
0.0432 3
0.044 4
0.0448 3
0.0456 2
0.0464 1
0.0472 0
0.0624 0
0.0632 0
0.064 1
0.0648 2
0.0656 3
0.0664 4
0.0672 5
0.068 6
0.0688 7
0.0696 6
0.0704 5
0.0712 4
0.072 3
0.0728 2
0.0736 1
0.0744 0
0.0832 0
0.084 0
0.0848 1
0.0856 2
0.0864 3
0.0872 4
0.088 5
0.0888 6
0.0896 7
0.0904 8
0.0912 9
0.092 10
0.0928 11
0.0936 12
0.0944 13
0.0952 14
0.096 15
0.0968 14
0.0976 13
0.0984 12
0.0992 11
0.1 10
0.1008 9
0.1016 8
0.1024 7
0.1032 6
0.104 5
0.1048 6
0.1056 7
0.1064 8
0.1072 9
0.108 10
0.1088 11
0.1096 12
0.1104 13
0.1112 14
0.112 15
0.1128 16
0.1136 17
0.1144 18
0.1152 19
0.116 20
0.1168 21
0.1176 22
0.1184 23
0.1192 24
0.12 25
0.1208 26
0.1216 27
0.1224 28
0.1232 29
0.124 30
0.1248 31
0.1256 32
0.1264 33
0.1272 34
0.128 35
0.1288 36
0.1296 37
0.1304 38
0.1312 39
0.132 40
0.1328 41
0.1336 42
0.1344 43
0.1352 44
0.136 45
0.1368 46
0.1376 47
0.1384 48
0.1392 49
0.14 50
0.1408 51
0.1416 52
0.1424 53
0.1432 54
0.144 55
0.1448 56
0.1456 57
0.1464 58
0.1472 59
0.148 60
0.1488 61
0.1496 62
0.1504 63
0.1512 64
0.152 65
0.1528 66
0.1536 67
0.1544 68
0.1552 69
0.156 70
0.1568 71
0.1576 72
0.1584 73
0.1592 74
0.16 75
0.1608 76
0.1616 77
0.1624 78
0.1632 79
0.164 80
0.1648 81
0.1656 82
0.1664 83
0.1672 84
0.168 85
0.1688 86
0.1696 87
0.1704 88
0.1712 89
0.172 90
0.1728 91
0.1736 92
0.1744 93
0.1752 94
0.176 95
0.1768 96
0.1776 97
0.1784 98
0.1792 99
0.1792 x
0.18 99
0.18 x
0.1808 99
0.1808 x
0.1816 99
0.1816 x
0.1824 99
0.1824 x
0.1832 99
0.1832 x
0.184 99
0.184 x
0.1848 99
0.1848 x
0.1856 99
0.1856 x
0.1864 99
0.1864 x
0.1872 99
0.1872 x
0.188 99
0.188 x
0.1888 99
0.1888 x
0.1896 99
0.1896 x
0.1904 99
0.1904 x
0.1912 99
0.1912 x
0.192 99
0.192 x
0.1928 99
0.1928 x
0.1936 99
0.1936 x
0.1944 99
0.1944 x
0.1952 99
0.1952 x
0.196 99
0.196 x
0.1968 99
0.1968 x
0.1976 99
0.1976 x
0.1984 99
0.1984 x
0.1992 99
0.1992 x
0.2 99
0.2 x
0.2008 99
0.2008 x
0.2016 99
0.2016 x
0.2024 99
0.2024 x
0.2032 99
0.2032 x
0.204 99
0.204 x
0.2048 99
0.2048 x
0.2056 99
0.2056 x
0.2064 99
0.2064 x
0.2072 99
0.2072 x
0.208 99
0.208 x
0.2088 99
0.2088 x
0.2096 99
0.2104 99
0.2112 99
0.212 99
0.2128 99
0.2136 99
0.2144 99
0.2152 99
0.216 99
0.2168 99
0.2176 99
0.2184 99
0.2192 99
0.22 99
0.2208 99
0.2216 99
0.2224 99
0.2232 99
0.224 99
0.2248 99
0.2256 99
0.2264 99
0.2272 99
0.228 99
0.2288 99
0.2296 99
0.2304 99
0.2312 99
0.232 99
0.232 x
0.2328 99
0.2328 x
0.2336 99
0.2336 x
0.2344 99
0.2344 x
0.2352 99
0.2352 x
0.236 99
0.236 x
0.2368 99
0.2368 x
0.2376 99
0.2376 x
0.2384 99
0.2384 x
0.2392 99
0.2392 x
0.24 99
0.24 x
0.2408 99
0.2408 x
0.2416 99
0.2416 x
0.2424 99
0.2424 x
0.2432 99
0.2432 x
0.244 99
0.244 x
0.2448 99
0.2448 x
0.2456 99
0.2456 x
0.2464 99
0.2464 x
0.2472 99
0.2472 x
0.248 99
0.248 x
0.2488 99
0.2488 x
0.2496 99
0.2496 x
0.2504 99
0.2504 x
0.2512 99
0.2512 x
0.252 99
0.252 x
0.2528 99
0.2528 x
0.2536 99
0.2536 x
0.2544 x
0.2544 x
0.2544 99
0.2552 x
0.2552 99
0.256 x
0.256 99
0.2568 x
0.2568 99
0.2576 x
0.2576 99
0.2584 x
0.2584 99
0.2592 x
0.2592 99
0.26 x
0.26 99
0.2608 99
0.2616 99
0.2624 99
0.2632 99
0.264 99
0.2648 99
0.2656 99
0.2664 99
0.2672 99
0.268 99
0.2688 99
0.2696 99
0.2704 99
0.2712 99
0.272 99
0.2728 99
0.2736 99
0.2744 99
0.2752 99
0.276 99
0.2768 99
0.2776 99
0.2784 99
0.2792 99
0.28 99
0.2808 98
0.2816 98
0.2824 97
0.2832 96
0.284 95
0.2848 94
0.2856 93
0.2864 92
0.2872 91
0.288 90
0.2888 89
0.2896 88
0.2904 87
0.2912 86
0.292 85
0.2928 84
0.2936 83
0.2944 82
0.2952 81
0.296 80
0.2968 79
0.2976 78
0.2984 77
0.2992 76
0.3 75
0.3008 74
0.3016 73
0.3024 72
0.3032 71
0.304 70
0.3048 69
0.3056 68
0.3064 67
0.3072 66
0.308 65
0.3088 64
0.3096 63
0.3104 62
0.3112 61
0.312 60
0.3128 59
0.3136 58
0.3144 57
0.3152 56
0.316 55
0.3168 54
0.3176 53
0.3184 52
0.3192 51
0.32 50
0.3208 49
0.3216 48
0.3224 47
0.3232 46
0.324 45
0.3248 44
0.3256 43
0.3264 42
0.3272 41
0.328 40
0.3288 39
0.3296 38
0.3304 37
0.3312 36
0.332 35
0.3328 34
0.3336 33
0.3344 32
0.3352 31
0.336 30
0.3368 29
0.3376 28
0.3384 27
0.3392 26
0.34 25
0.3408 24
0.3416 23
0.3424 22
0.3432 21
0.344 20
0.3448 19
0.3456 18
0.3464 17
0.3472 16
0.348 15
0.3488 14
0.3496 13
0.3504 12
0.3512 11
0.352 10
0.3528 9
0.3536 8
0.3544 7
0.3552 6
0.356 5
0.3568 4
0.3576 3
0.3584 2
0.3592 1
0.36 0
0.58 0
0.5808 0
0.6008 0
0.6016 0
0.6024 1
0.6032 0
0.6216 0
0.6224 1
0.6232 1
0.624 3
0.6248 3
0.6256 2
0.6264 1
0.6272 0
0.6424 0
0.6432 1
0.644 1
0.6448 3
0.6456 3
0.6464 5
0.6472 5
0.648 7
0.6488 7
0.6496 6
0.6504 5
0.6512 4
0.652 3
0.6528 2
0.6536 1
0.6544 0
0.6632 0
0.664 1
0.6648 1
0.6656 3
0.6664 3
0.6672 5
0.668 5
0.6688 7
0.6696 7
0.6704 9
0.6712 9
0.672 11
0.6728 11
0.6736 13
0.6744 13
0.6752 15
0.676 15
0.6768 14
0.6776 13
0.6784 12
0.6792 11
0.68 10
0.6808 9
0.6816 8
0.6824 7
0.6832 6
0.684 8
0.6848 8
0.6856 10
0.6864 10
0.6872 12
0.688 12
0.6888 14
0.6896 14
0.6904 16
0.6912 16
0.692 18
0.6928 18
0.6936 20
0.6944 20
0.6952 22
0.696 22
0.6968 24
0.6976 24
0.6984 26
0.6992 26
0.7 28
0.7008 28
0.7016 30
0.7024 30
0.7032 32
0.704 32
0.7048 34
0.7056 34
0.7064 36
0.7072 36
0.708 38
0.7088 38
0.7096 40
0.7104 40
0.7112 42
0.712 42
0.7128 44
0.7136 44
0.7144 46
0.7152 46
0.716 48
0.7168 48
0.7176 50
0.7184 50
0.7192 52
0.72 52
0.7208 54
0.7216 54
0.7224 56
0.7232 56
0.724 57
0.7248 56
0.7256 57
0.7264 56
0.7272 57
0.728 56
0.7288 57
0.7296 56
0.7304 56
0.7312 56
0.732 57
0.7328 56
0.7336 57
0.7344 56
0.7352 58
0.736 58
0.7368 60
0.7376 60
0.7384 62
0.7392 62
0.74 64
0.7408 64
0.7416 66
0.7424 66
0.7432 68
0.744 68
0.7448 70
0.7456 70
0.7464 72
0.7472 72
0.748 74
0.7488 74
0.7496 75
0.7504 74
0.7512 75
0.752 74
0.7528 75
0.7536 74
0.7544 75
0.7552 74
0.756 75
0.7568 74
0.7576 75
0.7584 74
0.7592 75
0.76 74
0.7608 75
0.7616 74
0.7624 75
0.7632 74
0.764 75
0.7648 74
0.7656 75
0.7664 74
0.7672 75
0.768 74
0.7688 x
0.7688 99
0.7696 98
0.7704 97
0.7712 96
0.772 95
0.7728 94
0.7736 93
0.7744 92
0.7752 91
0.776 90
0.7768 89
0.7776 88
0.7784 87
0.7792 86
0.78 85
0.7808 84
0.7816 83
0.7824 82
0.7832 81
0.784 80
0.7848 79
0.7856 78
0.7864 77
0.7872 76
0.788 75
0.7888 74
0.7896 74
0.7904 74
0.7912 74
0.792 74
0.7928 74
0.7936 74
0.7944 74
0.7952 74
0.796 74
0.7968 74
0.7976 74
0.7984 74
0.7992 74
0.8 74
0.8008 75
0.8016 74
0.8024 75
0.8032 74
0.804 75
0.8048 74
0.8056 x
0.8056 x
0.8056 x
0.8056 x
0.8056 x
0.8056 99
0.8064 98
0.8072 97
0.808 96
0.8088 95
0.8096 94
0.8104 93
0.8112 92
0.812 91
0.8128 90
0.8136 89
0.8144 88
0.8152 87
0.816 86
0.8168 85
0.8176 84
0.8184 83
0.8192 82
0.82 81
0.8208 80
0.8216 79
0.8224 78
0.8232 77
0.824 76
0.8248 75
0.8256 74
0.8264 73
0.8272 72
0.828 71
0.8288 70
0.8296 70
0.8304 70
0.8312 70
0.832 70
0.8328 70
0.8336 70
0.8344 70
0.8352 70
0.836 70
0.8368 70
0.8376 70
0.8384 70
0.8392 70
0.84 70
0.8408 70
0.8416 70
0.8424 70
0.8432 70
0.844 70
0.8448 70
0.8456 70
0.8464 70
0.8472 70
0.848 70
0.8488 70
0.8496 70
0.8504 70
0.8512 70
0.852 70
0.8528 70
0.8536 70
0.8544 70
0.8552 70
0.856 70
0.8568 70
0.8576 70
0.8584 70
0.8592 70
0.86 70
0.8608 70
0.8616 70
0.8624 70
0.8632 70
0.864 70
0.8648 70
0.8656 70
0.8664 70
0.8672 70
0.868 70
0.8688 70
0.8696 69
0.8704 68
0.8712 67
0.872 66
0.8728 65
0.8736 64
0.8744 63
0.8752 62
0.876 61
0.8768 60
0.8776 59
0.8784 58
0.8792 57
0.88 56
0.8808 56
0.8816 56
0.8824 56
0.8832 56
0.884 56
0.8848 56
0.8856 56
0.8864 56
0.8872 56
0.888 56
0.8888 56
0.8896 56
0.8904 56
0.8912 56
0.892 56
0.8928 56
0.8936 56
0.8944 56
0.8952 56
0.896 56
0.8968 56
0.8976 56
0.8984 56
0.8992 56
0.9 56
0.9008 56
0.9016 56
0.9024 56
0.9032 56
0.904 56
0.9048 56
0.9056 56
0.9064 55
0.9072 54
0.908 53
0.9088 52
0.9096 51
0.9104 50
0.9112 49
0.912 48
0.9128 47
0.9136 46
0.9144 45
0.9152 44
0.916 43
0.9168 42
0.9176 41
0.9184 40
0.9192 39
0.92 38
0.9208 37
0.9216 36
0.9224 35
0.9232 34
0.924 33
0.9248 32
0.9256 31
0.9264 30
0.9272 29
0.928 28
0.9288 27
0.9296 26
0.9304 25
0.9312 24
0.932 23
0.9328 22
0.9336 21
0.9344 20
0.9352 19
0.936 18
0.9368 17
0.9376 16
0.9384 15
0.9392 14
0.94 13
0.9408 12
0.9416 11
0.9424 10
0.9432 9
0.944 8
0.9448 7
0.9456 6
0.9464 5
0.9472 4
0.948 3
0.9488 2
0.9496 1
0.9504 0
1.1456 0
1.1664 0
1.1672 0
1.1712 0
1.1872 0
1.188 0
1.1888 1
1.1896 0
1.192 0
1.1928 0
1.208 0
1.2088 0
1.2096 1
1.2104 2
1.2112 3
1.212 2
1.2128 1
1.2136 2
1.2144 3
1.2152 2
1.216 1
1.2168 0
1.2288 0
1.2296 0
1.2304 1
1.2312 2
1.232 3
1.2328 4
1.2336 5
1.2344 6
1.2352 7
1.236 8
1.2368 13
1.2376 13
1.2384 13
1.2392 12
1.24 11
1.2408 10
1.2416 9
1.2424 8
1.2432 7
1.244 6
1.2448 5
1.2456 4
1.2464 3
1.2472 2
1.248 1
1.2488 0
1.2496 0
1.2504 0
1.2512 1
1.252 2
1.2528 3
1.2536 4
1.2544 5
1.2552 6
1.256 7
1.2568 8
1.2576 9
1.2584 9
1.2592 9
1.26 9
1.2608 9
1.2616 9
1.2624 9
1.2632 9
1.264 9
1.2648 10
1.2656 11
1.2664 12
1.2672 13
1.268 14
1.2688 15
1.2696 16
1.2704 17
1.2712 17
1.272 17
1.2728 17
1.2736 17
1.2744 17
1.2752 17
1.276 17
1.2768 17
1.2776 17
1.2784 17
1.2792 17
1.28 17
1.2808 17
1.2816 17
1.2824 17
1.2832 17
1.284 17
1.2848 17
1.2856 17
1.2864 18
1.2872 18
1.288 18
1.2888 18
1.2896 18
1.2904 18
1.2912 18
1.292 19
1.2928 20
1.2936 21
1.2944 22
1.2952 23
1.296 24
1.2968 25
1.2976 26
1.2984 26
1.2992 26
1.3 26
1.3008 26
1.3016 26
1.3024 26
1.3032 26
1.304 26
1.3048 26
1.3056 26
1.3064 26
1.3072 26
1.308 26
1.3088 26
1.3096 26
1.3104 26
1.3112 26
1.312 26
1.3128 26
1.3136 26
1.3144 26
1.3152 26
1.316 26
1.3168 26
1.3176 26
1.3184 26
1.3192 26
1.32 26
1.3208 26
1.3216 26
1.3224 27
1.3232 27
1.324 27
1.3248 27
1.3256 27
1.3264 27
1.3272 27
1.328 27
1.3288 27
1.3296 27
1.3304 27
1.3312 27
1.332 27
1.3328 27
1.3336 27
1.3344 27
1.3352 27
1.336 27
1.3368 27
1.3376 27
1.3384 27
1.3392 27
1.34 28
1.3408 28
1.3416 28
1.3424 28
1.3432 28
1.344 28
1.3448 28
1.3456 28
1.3464 28
1.3472 28
1.348 28
1.3488 28
1.3496 28
1.3504 28
1.3512 28
1.352 28
1.3528 28
1.3536 28
1.3544 28
1.3552 28
1.356 28
1.3568 28
1.3576 28
1.3584 28
1.3592 28
1.36 28
1.3608 28
1.3616 28
1.3624 28
1.3632 28
1.364 28
1.3648 28
1.3656 29
1.3664 29
1.3672 29
1.368 29
1.3688 29
1.3696 29
1.3704 29
1.3712 29
1.372 29
1.3728 29
1.3736 29
1.3744 29
1.3752 29
1.376 29
1.3768 29
1.3776 29
1.3784 29
1.3792 29
1.38 29
1.3808 29
1.3816 29
1.3824 29
1.3832 29
1.384 30
1.3848 30
1.3856 30
1.3864 30
1.3872 30
1.388 30
1.3888 30
1.3896 30
1.3904 30
1.3912 30
1.392 30
1.3928 30
1.3936 30
1.3944 30
1.3952 30
1.396 30
1.3968 30
1.3976 30
1.3984 30
1.3992 30
1.4 30
1.4008 30
1.4016 30
1.4024 30
1.4032 30
1.404 30
1.4048 30
1.4056 30
1.4064 30
1.4072 30
1.408 30
1.4088 30
1.4096 30
1.4104 31
1.4112 31
1.412 31
1.4128 31
1.4136 31
1.4144 31
1.4152 31
1.416 31
1.4168 31
1.4176 31
1.4184 31
1.4192 31
1.42 31
1.4208 31
1.4216 31
1.4224 31
1.4232 31
1.424 31
1.4248 31
1.4256 31
1.4264 31
1.4272 31
1.428 31
1.4288 31
1.4296 32
1.4304 32
1.4312 32
1.432 32
1.4328 32
1.4336 32
1.4344 32
1.4352 32
1.436 32
1.4368 32
1.4376 32
1.4384 32
1.4392 32
1.44 32
1.4408 32
1.4416 32
1.4424 32
1.4432 32
1.444 32
1.4448 32
1.4456 32
1.4464 32
1.4472 32
1.448 32
1.4488 32
1.4496 32
1.4504 32
1.4512 32
1.452 32
1.4528 32
1.4536 32
1.4544 32
1.4552 32
1.456 32
1.4568 33
1.4576 33
1.4584 33
1.4592 33
1.46 33
1.4608 33
1.4616 33
1.4624 33
1.4632 33
1.464 33
1.4648 33
1.4656 33
1.4664 33
1.4672 33
1.468 33
1.4688 33
1.4696 33
1.4704 33
1.4712 33
1.472 33
1.4728 33
1.4736 33
1.4744 33
1.4752 33
1.476 33
1.4768 34
1.4776 34
1.4784 34
1.4792 34
1.48 34
1.4808 34
1.4816 34
1.4824 34
1.4832 34
1.484 34
1.4848 34
1.4856 34
1.4864 34
1.4872 34
1.488 34
1.4888 34
1.4896 34
1.4904 34
1.4912 34
1.492 34
1.4928 34
1.4936 34
1.4944 34
1.4952 34
1.496 34
1.4968 34
1.4976 34
1.4984 34
1.4992 34
1.5 34
1.5008 34
1.5016 34
1.5024 34
1.5032 34
1.504 34
1.5048 35
1.5056 35
1.5064 35
1.5072 35
1.508 35
1.5088 35
1.5096 35
1.5104 35
1.5112 35
1.512 35
1.5128 35
1.5136 35
1.5144 35
1.5152 35
1.516 35
1.5168 35
1.5176 35
1.5184 35
1.5192 35
1.52 35
1.5208 35
1.5216 35
1.5224 35
1.5232 35
1.524 35
1.5248 35
1.5256 36
1.5264 36
1.5272 36
1.528 36
1.5288 36
1.5296 36
1.5304 36
1.5312 36
1.532 36
1.5328 36
1.5336 36
1.5344 36
1.5352 36
1.536 36
1.5368 36
1.5376 36
1.5384 36
1.5392 36
1.54 36
1.5408 36
1.5416 36
1.5424 36
1.5432 36
1.544 36
1.5448 36
1.5456 36
1.5464 36
1.5472 36
1.548 36
1.5488 36
1.5496 36
1.5504 36
1.5512 36
1.552 36
1.5528 36
1.5536 36
1.5544 37
1.5552 37
1.556 37
1.5568 37
1.5576 37
1.5584 37
1.5592 37
1.56 37
1.5608 37
1.5616 37
1.5624 37
1.5632 37
1.564 37
1.5648 37
1.5656 37
1.5664 37
1.5672 37
1.568 37
1.5688 37
1.5696 37
1.5704 37
1.5712 37
1.572 37
1.5728 37
1.5736 37
1.5744 37
1.5752 37
1.576 38
1.5768 38
1.5776 38
1.5784 38
1.5792 38
1.58 38
1.5808 38
1.5816 38
1.5824 38
1.5832 38
1.584 38
1.5848 38
1.5856 38
1.5864 38
1.5872 38
1.588 38
1.5888 38
1.5896 38
1.5904 38
1.5912 38
1.592 38
1.5928 38
1.5936 38
1.5944 38
1.5952 38
1.596 38
1.5968 38
1.5976 38
1.5984 38
1.5992 38
1.6 38
1.6008 38
1.6016 38
1.6024 38
1.6032 38
1.604 38
1.6048 38
1.6056 39
1.6064 39
1.6072 39
1.608 39
1.6088 39
1.6096 39
1.6104 39
1.6112 39
1.612 39
1.6128 39
1.6136 39
1.6144 39
1.6152 39
1.616 39
1.6168 39
1.6176 39
1.6184 39
1.6192 39
1.62 39
1.6208 39
1.6216 39
1.6224 39
1.6232 39
1.624 39
1.6248 39
1.6256 39
1.6264 39
1.6272 39
1.628 40
1.6288 40
1.6296 40
1.6304 40
1.6312 40
1.632 40
1.6328 40
1.6336 40
1.6344 40
1.6352 40
1.636 40
1.6368 40
1.6376 40
1.6384 40
1.6392 40
1.64 40
1.6408 40
1.6416 40
1.6424 40
1.6432 40
1.644 40
1.6448 40
1.6456 40
1.6464 40
1.6472 40
1.648 40
1.6488 40
1.6496 40
1.6504 40
1.6512 40
1.652 40
1.6528 40
1.6536 40
1.6544 40
1.6552 40
1.656 40
1.6568 40
1.6576 40
1.6584 41
1.6592 41
1.66 41
1.6608 41
1.6616 41
1.6624 41
1.6632 41
1.664 41
1.6648 41
1.6656 41
1.6664 41
1.6672 41
1.668 41
1.6688 41
1.6696 41
1.6704 41
1.6712 41
1.672 41
1.6728 41
1.6736 41
1.6744 41
1.6752 41
1.676 41
1.6768 41
1.6776 41
1.6784 41
1.6792 41
1.68 41
1.6808 41
1.6816 42
1.6824 42
1.6832 42
1.684 42
1.6848 42
1.6856 42
1.6864 42
1.6872 42
1.688 42
1.6888 42
1.6896 42
1.6904 42
1.6912 42
1.692 42
1.6928 42
1.6936 42
1.6944 42
1.6952 42
1.696 42
1.6968 42
1.6976 42
1.6984 42
1.6992 42
1.7 42
1.7008 42
1.7016 42
1.7024 42
1.7032 42
1.704 42
1.7048 42
1.7056 42
1.7064 42
1.7072 42
1.708 42
1.7088 42
1.7096 42
1.7104 42
1.7112 42
1.712 42
1.7128 43
1.7136 43
1.7144 43
1.7152 43
1.716 43
1.7168 43
1.7176 43
1.7184 43
1.7192 43
1.72 43
1.7208 43
1.7216 43
1.7224 43
1.7232 43
1.724 43
1.7248 43
1.7256 43
1.7264 43
1.7272 43
1.728 43
1.7288 43
1.7296 43
1.7304 43
1.7312 43
1.732 43
1.7328 43
1.7336 43
1.7344 43
1.7352 43
1.736 43
1.7368 44
1.7376 44
1.7384 44
1.7392 44
1.74 44
1.7408 44
1.7416 44
1.7424 44
1.7432 44
1.744 44
1.7448 44
1.7456 44
1.7464 44
1.7472 44
1.748 44
1.7488 44
1.7496 44
1.7504 44
1.7512 44
1.752 44
1.7528 44
1.7536 44
1.7544 44
1.7552 44
1.756 44
1.7568 44
1.7576 44
1.7584 44
1.7592 44
1.76 44
1.7608 44
1.7616 44
1.7624 44
1.7632 44
1.764 44
1.7648 44
1.7656 44
1.7664 44
1.7672 44
1.768 44
1.7688 45
1.7696 45
1.7704 45
1.7712 45
1.772 45
1.7728 45
1.7736 45
1.7744 45
1.7752 45
1.776 45
1.7768 45
1.7776 45
1.7784 45
1.7792 45
1.78 45
1.7808 45
1.7816 45
1.7824 45
1.7832 45
1.784 45
1.7848 45
1.7856 45
1.7864 45
1.7872 45
1.788 45
1.7888 45
1.7896 45
1.7904 45
1.7912 45
1.792 45
1.7928 45
1.7936 46
1.7944 46
1.7952 46
1.796 46
1.7968 46
1.7976 46
1.7984 46
1.7992 46
1.8 46
1.8008 46
1.8016 46
1.8024 46
1.8032 46
1.804 46
1.8048 46
1.8056 46
1.8064 46
1.8072 46
1.808 46
1.8088 46
1.8096 46
1.8104 46
1.8112 46
1.812 46
1.8128 46
1.8136 46
1.8144 46
1.8152 46
1.816 46
1.8168 46
1.8176 46
1.8184 46
1.8192 46
1.82 46
1.8208 46
1.8216 46
1.8224 46
1.8232 46
1.824 46
1.8248 46
1.8256 46
1.8264 47
1.8272 47
1.828 47
1.8288 47
1.8296 47
1.8304 47
1.8312 47
1.832 47
1.8328 47
1.8336 47
1.8344 47
1.8352 47
1.836 47
1.8368 47
1.8376 47
1.8384 47
1.8392 47
1.84 47
1.8408 47
1.8416 47
1.8424 47
1.8432 47
1.844 47
1.8448 47
1.8456 47
1.8464 47
1.8472 47
1.848 47
1.8488 47
1.8496 47
1.8504 47
1.8512 47
1.852 48
1.8528 48
1.8536 48
1.8544 48
1.8552 48
1.856 48
1.8568 48
1.8576 48
1.8584 48
1.8592 48
1.86 48
1.8608 48
1.8616 48
1.8624 48
1.8632 48
1.864 48
1.8648 48
1.8656 48
1.8664 48
1.8672 48
1.868 48
1.8688 48
1.8696 48
1.8704 48
1.8712 48
1.872 48
1.8728 48
1.8736 48
1.8744 48
1.8752 48
1.876 48
1.8768 48
1.8776 48
1.8784 48
1.8792 48
1.88 48
1.8808 48
1.8816 48
1.8824 48
1.8832 48
1.884 48
1.8848 48
1.8856 49
1.8864 49
1.8872 49
1.888 49
1.8888 49
1.8896 49
1.8904 49
1.8912 49
1.892 49
1.8928 49
1.8936 49
1.8944 49
1.8952 49
1.896 49
1.8968 49
1.8976 49
1.8984 49
1.8992 49
1.9 49
1.9008 49
1.9016 49
1.9024 49
1.9032 49
1.904 49
1.9048 49
1.9056 49
1.9064 49
1.9072 49
1.908 49
1.9088 49
1.9096 49
1.9104 49
1.9112 49
1.912 50
1.9128 50
1.9136 50
1.9144 50
1.9152 50
1.916 50
1.9168 50
1.9176 50
1.9184 50
1.9192 50
1.92 50
1.9208 50
1.9216 50
1.9224 50
1.9232 50
1.924 50
1.9248 50
1.9256 50
1.9264 50
1.9272 50
1.928 50
1.9288 50
1.9296 50
1.9304 50
1.9312 50
1.932 50
1.9328 50
1.9336 50
1.9344 50
1.9352 50
1.936 50
1.9368 50
1.9376 50
1.9384 50
1.9392 50
1.94 50
1.9408 50
1.9416 50
1.9424 50
1.9432 50
1.944 50
1.9448 50
1.9456 50
1.9464 51
1.9472 51
1.948 51
1.9488 51
1.9496 51
1.9504 51
1.9512 51
1.952 51
1.9528 51
1.9536 51
1.9544 51
1.9552 51
1.956 51
1.9568 51
1.9576 51
1.9584 51
1.9592 51
1.96 51
1.9608 51
1.9616 51
1.9624 51
1.9632 51
1.964 51
1.9648 51
1.9656 51
1.9664 51
1.9672 51
1.968 51
1.9688 51
1.9696 51
1.9704 51
1.9712 51
1.972 51
1.9728 51
1.9736 52
1.9744 52
1.9752 52
1.976 52
1.9768 52
1.9776 52
1.9784 52
1.9792 52
1.98 52
1.9808 52
1.9816 52
1.9824 52
1.9832 52
1.984 52
1.9848 52
1.9856 52
1.9864 52
1.9872 52
1.988 52
1.9888 52
1.9896 52
1.9904 52
1.9912 52
1.992 52
1.9928 52
1.9936 52
1.9944 52
1.9952 52
1.996 52
1.9968 52
1.9976 52
1.9984 52
1.9992 52
2.0 52
2.0008 52
2.0016 52
2.0024 52
2.0032 52
2.004 52
2.0048 52
2.0056 52
2.0064 52
2.0072 52
2.008 52
2.0088 53
2.0096 53
2.0104 53
2.0112 53
2.012 53
2.0128 53
2.0136 53
2.0144 53
2.0152 53
2.016 53
2.0168 53
2.0176 53
2.0184 53
2.0192 53
2.02 53
2.0208 53
2.0216 53
2.0224 53
2.0232 53
2.024 53
2.0248 53
2.0256 53
2.0264 53
2.0272 53
2.028 53
2.0288 53
2.0296 53
2.0304 53
2.0312 53
2.032 53
2.0328 53
2.0336 53
2.0344 53
2.0352 53
2.036 53
2.0368 54
2.0376 54
2.0384 54
2.0392 54
2.04 54
2.0408 54
2.0416 54
2.0424 54
2.0432 54
2.044 54
2.0448 54
2.0456 54
2.0464 54
2.0472 54
2.048 54
2.0488 54
2.0496 54
2.0504 54
2.0512 54
2.052 54
2.0528 54
2.0536 54
2.0544 54
2.0552 54
2.056 54
2.0568 54
2.0576 54
2.0584 54
2.0592 54
2.06 54
2.0608 54
2.0616 54
2.0624 54
2.0632 54
2.064 54
2.0648 54
2.0656 54
2.0664 54
2.0672 54
2.068 54
2.0688 54
2.0696 54
2.0704 54
2.0712 54
2.072 54
2.0728 55
2.0736 55
2.0744 55
2.0752 55
2.076 55
2.0768 55
2.0776 55
2.0784 55
2.0792 55
2.08 55
2.0808 55
2.0816 55
2.0824 55
2.0832 55
2.084 55
2.0848 55
2.0856 55
2.0864 55
2.0872 55
2.088 55
2.0888 55
2.0896 55
2.0904 55
2.0912 55
2.092 55
2.0928 55
2.0936 55
2.0944 55
2.0952 55
2.096 55
2.0968 55
2.0976 55
2.0984 55
2.0992 55
2.1 55
2.1008 55
2.1016 56
2.1024 56
2.1032 56
2.104 56
2.1048 56
2.1056 56
2.1064 56
2.1072 56
2.108 56
2.1088 56
2.1096 56
2.1104 56
2.1112 56
2.112 56
2.1128 56
2.1136 56
2.1144 56
2.1152 56
2.116 56
2.1168 56
2.1176 56
2.1184 56
2.1192 56
2.12 56
2.1208 56
2.1216 56
2.1224 56
2.1232 56
2.124 56
2.1248 56
2.1256 56
2.1264 56
2.1272 56
2.128 56
2.1288 56
2.1296 56
2.1304 56
2.1312 56
2.132 56
2.1328 56
2.1336 56
2.1344 56
2.1352 56
2.136 56
2.1368 56
2.1376 56
2.1384 57
2.1392 57
2.14 57
2.1408 57
2.1416 57
2.1424 57
2.1432 57
2.144 57
2.1448 57
2.1456 57
2.1464 57
2.1472 57
2.148 57
2.1488 57
2.1496 57
2.1504 57
2.1512 57
2.152 57
2.1528 57
2.1536 57
2.1544 57
2.1552 57
2.156 57
2.1568 57
2.1576 57
2.1584 57
2.1592 57
2.16 57
2.1608 57
2.1616 57
2.1624 57
2.1632 57
2.164 57
2.1648 57
2.1656 57
2.1664 57
2.1672 57
2.168 58
2.1688 58
2.1696 58
2.1704 58
2.1712 58
2.172 58
2.1728 58
2.1736 58
2.1744 58
2.1752 58
2.176 58
2.1768 58
2.1776 58
2.1784 58
2.1792 58
2.18 58
2.1808 58
2.1816 58
2.1824 58
2.1832 58
2.184 58
2.1848 58
2.1856 58
2.1864 58
2.1872 58
2.188 58
2.1888 58
2.1896 58
2.1904 58
2.1912 58
2.192 58
2.1928 58
2.1936 58
2.1944 58
2.1952 58
2.196 57
2.1968 56
2.1976 55
2.1984 54
2.1992 53
2.2 52
2.2008 51
2.2016 50
2.2024 49
2.2032 48
2.204 47
2.2048 46
2.2056 45
2.2064 44
2.2072 43
2.208 42
2.2088 41
2.2096 40
2.2104 39
2.2112 39
2.212 39
2.2128 39
2.2136 39
2.2144 39
2.2152 39
2.216 39
2.2168 39
2.2176 39
2.2184 39
2.2192 39
2.22 39
2.2208 39
2.2216 39
2.2224 39
2.2232 39
2.224 39
2.2248 39
2.2256 39
2.2264 39
2.2272 39
2.228 39
2.2288 39
2.2296 39
2.2304 39
2.2312 39
2.232 39
2.2328 39
2.2336 39
2.2344 39
2.2352 39
2.236 40
2.2368 40
2.2376 40
2.2384 40
2.2392 40
2.24 40
2.2408 40
2.2416 40
2.2424 40
2.2432 40
2.244 40
2.2448 39
2.2456 38
2.2464 37
2.2472 36
2.248 35
2.2488 34
2.2496 33
2.2504 32
2.2512 31
2.252 30
2.2528 29
2.2536 28
2.2544 27
2.2552 26
2.256 25
2.2568 24
2.2576 23
2.2584 22
2.2592 21
2.26 20
2.2608 19
2.2616 18
2.2624 17
2.2632 16
2.264 16
2.2648 16
2.2656 16
2.2664 16
2.2672 16
2.268 16
2.2688 16
2.2696 16
2.2704 16
2.2712 16
2.272 16
2.2728 16
2.2736 16
2.2744 16
2.2752 16
2.276 16
2.2768 16
2.2776 16
2.2784 16
2.2792 16
2.28 16
2.2808 16
2.2816 16
2.2824 16
2.2832 16
2.284 16
2.2848 16
2.2856 16
2.2864 15
2.2872 14
2.288 13
2.2888 12
2.2896 11
2.2904 10
2.2912 9
2.292 8
2.2928 7
2.2936 6
2.2944 5
2.2952 4
2.296 3
2.2968 2
2.2976 1
2.2984 0
