1 0 0 1000
2 0 0 1000
1 0.0208 0 0
1 0.0208 1000 1000
1 0.0208 2000 1000
2 0.0216 0 0
2 0.0216 1000 1000
2 0.0216 2000 1000
1 0.0416 1000 0
1 0.0416 3000 1000
1 0.0416 4000 1000
1 0.0424 2000 0
1 0.0424 5000 1000
1 0.0424 6000 1000
2 0.0432 1000 0
2 0.0432 3000 1000
2 0.0432 4000 1000
2 0.044 2000 0
2 0.044 5000 1000
2 0.044 6000 1000
1 0.0624 3000 0
1 0.0624 7000 1000
1 0.0624 8000 1000
1 0.0632 4000 0
1 0.0632 9000 1000
1 0.0632 10000 1000
1 0.064 5000 0
1 0.064 11000 1000
1 0.064 12000 1000
1 0.0648 6000 0
1 0.0648 13000 1000
1 0.0648 14000 1000
2 0.0656 3000 0
2 0.0656 7000 1000
2 0.0656 8000 1000
2 0.0664 4000 0
2 0.0664 9000 1000
2 0.0664 10000 1000
2 0.0672 5000 0
2 0.0672 11000 1000
2 0.0672 12000 1000
2 0.068 6000 0
2 0.068 13000 1000
2 0.068 14000 1000
1 0.0832 7000 0
1 0.0832 15000 1000
1 0.0832 16000 1000
1 0.084 8000 0
1 0.084 17000 1000
1 0.084 18000 1000
1 0.0848 9000 0
1 0.0848 19000 1000
1 0.0848 20000 1000
1 0.0856 10000 0
1 0.0856 21000 1000
1 0.0856 22000 1000
1 0.0864 11000 0
1 0.0864 23000 1000
1 0.0864 24000 1000
1 0.0872 12000 0
1 0.0872 25000 1000
1 0.0872 26000 1000
1 0.088 13000 0
1 0.088 27000 1000
1 0.088 28000 1000
1 0.0888 14000 0
1 0.0888 29000 1000
1 0.0888 30000 1000
2 0.0896 7000 0
2 0.0896 15000 1000
2 0.0896 16000 1000
2 0.0904 8000 0
2 0.0904 17000 1000
2 0.0904 18000 1000
2 0.0912 9000 0
2 0.0912 19000 1000
2 0.0912 20000 1000
2 0.092 10000 0
2 0.092 21000 1000
2 0.092 22000 1000
2 0.0928 11000 0
2 0.0928 23000 1000
2 0.0928 24000 1000
2 0.0936 12000 0
2 0.0936 25000 1000
2 0.0936 26000 1000
2 0.0944 13000 0
2 0.0944 27000 1000
2 0.0944 28000 1000
2 0.0952 14000 0
2 0.0952 29000 1000
2 0.0952 30000 1000
1 0.104 15000 0
1 0.104 31000 1000
1 0.104 32000 1000
1 0.1048 16000 0
1 0.1048 33000 1000
1 0.1048 34000 1000
1 0.1056 17000 0
1 0.1056 35000 1000
1 0.1056 36000 1000
1 0.1064 18000 0
1 0.1064 37000 1000
1 0.1064 38000 1000
1 0.1072 19000 0
1 0.1072 39000 1000
1 0.1072 40000 1000
1 0.108 20000 0
1 0.108 41000 1000
1 0.108 42000 1000
1 0.1088 21000 0
1 0.1088 43000 1000
1 0.1088 44000 1000
1 0.1096 22000 0
1 0.1096 45000 1000
1 0.1096 46000 1000
1 0.1104 23000 0
1 0.1104 47000 1000
1 0.1104 48000 1000
1 0.1112 24000 0
1 0.1112 49000 1000
1 0.1112 50000 1000
1 0.112 25000 0
1 0.112 51000 1000
1 0.112 52000 1000
1 0.1128 26000 0
1 0.1128 53000 1000
1 0.1128 54000 1000
1 0.1136 27000 0
1 0.1136 55000 1000
1 0.1136 56000 1000
1 0.1144 28000 0
1 0.1144 57000 1000
1 0.1144 58000 1000
1 0.1152 29000 0
1 0.1152 59000 1000
1 0.1152 60000 1000
1 0.116 30000 0
1 0.116 61000 1000
1 0.116 62000 1000
2 0.1168 15000 0
2 0.1168 31000 1000
2 0.1168 32000 1000
2 0.1176 16000 0
2 0.1176 33000 1000
2 0.1176 34000 1000
2 0.1184 17000 0
2 0.1184 35000 1000
2 0.1184 36000 1000
2 0.1192 18000 0
2 0.1192 37000 1000
2 0.1192 38000 1000
2 0.12 19000 0
2 0.12 39000 1000
2 0.12 40000 1000
2 0.1208 20000 0
2 0.1208 41000 1000
2 0.1208 42000 1000
2 0.1216 21000 0
2 0.1216 43000 1000
2 0.1216 44000 1000
2 0.1224 22000 0
2 0.1224 45000 1000
2 0.1224 46000 1000
2 0.1232 23000 0
2 0.1232 47000 1000
2 0.1232 48000 1000
2 0.124 24000 0
2 0.124 49000 1000
2 0.124 50000 1000
2 0.1248 25000 0
2 0.1248 51000 1000
2 0.1248 52000 1000
2 0.1256 26000 0
2 0.1256 53000 1000
2 0.1256 54000 1000
2 0.1264 27000 0
2 0.1264 55000 1000
2 0.1264 56000 1000
2 0.1272 28000 0
2 0.1272 57000 1000
2 0.1272 58000 1000
2 0.128 29000 0
2 0.128 59000 1000
2 0.128 60000 1000
2 0.1288 30000 0
2 0.1288 61000 1000
2 0.1288 62000 1000
1 0.1296 31000 0
1 0.1296 63000 1000
1 0.1296 64000 1000
1 0.1304 32000 0
1 0.1304 65000 1000
1 0.1304 66000 1000
1 0.1312 33000 0
1 0.1312 67000 1000
1 0.1312 68000 1000
1 0.132 34000 0
1 0.132 69000 1000
1 0.132 70000 1000
1 0.1328 35000 0
1 0.1328 71000 1000
1 0.1328 72000 1000
1 0.1336 36000 0
1 0.1336 73000 1000
1 0.1336 74000 1000
1 0.1344 37000 0
1 0.1344 75000 1000
1 0.1344 76000 1000
1 0.1352 38000 0
1 0.1352 77000 1000
1 0.1352 78000 1000
1 0.136 39000 0
1 0.136 79000 1000
1 0.136 80000 1000
1 0.1368 40000 0
1 0.1368 81000 1000
1 0.1368 82000 1000
1 0.1376 41000 0
1 0.1376 83000 1000
1 0.1376 84000 1000
1 0.1384 42000 0
1 0.1384 85000 1000
1 0.1384 86000 1000
1 0.1392 43000 0
1 0.1392 87000 1000
1 0.1392 88000 1000
1 0.14 44000 0
1 0.14 89000 1000
1 0.14 90000 1000
1 0.1408 45000 0
1 0.1408 91000 1000
1 0.1408 92000 1000
1 0.1416 46000 0
1 0.1416 93000 1000
1 0.1416 94000 1000
1 0.1424 47000 0
1 0.1424 95000 1000
1 0.1424 96000 1000
1 0.1432 48000 0
1 0.1432 97000 1000
1 0.1432 98000 1000
1 0.144 49000 0
1 0.144 99000 1000
1 0.144 100000 1000
1 0.1448 50000 0
1 0.1448 101000 1000
1 0.1448 102000 1000
1 0.1456 51000 0
1 0.1456 103000 1000
1 0.1456 104000 1000
1 0.1464 52000 0
1 0.1464 105000 1000
1 0.1464 106000 1000
1 0.1472 53000 0
1 0.1472 107000 1000
1 0.1472 108000 1000
1 0.148 54000 0
1 0.148 109000 1000
1 0.148 110000 1000
1 0.1488 55000 0
1 0.1488 111000 1000
1 0.1488 112000 1000
1 0.1496 56000 0
1 0.1496 113000 1000
1 0.1496 114000 1000
1 0.1504 57000 0
1 0.1504 115000 1000
1 0.1504 116000 1000
1 0.1512 58000 0
1 0.1512 117000 1000
1 0.1512 118000 1000
1 0.152 59000 0
1 0.152 119000 1000
1 0.152 120000 1000
1 0.1528 60000 0
1 0.1528 121000 1000
1 0.1528 122000 1000
1 0.1536 61000 0
1 0.1536 123000 1000
1 0.1536 124000 1000
1 0.1544 62000 0
1 0.1544 125000 1000
1 0.1544 126000 1000
2 0.1552 31000 0
2 0.1552 63000 1000
2 0.1552 64000 1000
2 0.156 32000 0
2 0.156 65000 1000
2 0.156 66000 1000
2 0.1568 33000 0
2 0.1568 67000 1000
2 0.1568 68000 1000
2 0.1576 34000 0
2 0.1576 69000 1000
2 0.1576 70000 1000
2 0.1584 35000 0
2 0.1584 71000 1000
2 0.1584 72000 1000
2 0.1592 36000 0
2 0.1592 73000 1000
2 0.1592 74000 1000
2 0.16 37000 0
2 0.16 75000 1000
2 0.16 76000 1000
2 0.1608 38000 0
2 0.1608 77000 1000
2 0.1608 78000 1000
2 0.1616 39000 0
2 0.1616 79000 1000
2 0.1616 80000 1000
2 0.1624 40000 0
2 0.1624 81000 1000
2 0.1624 82000 1000
2 0.1632 41000 0
2 0.1632 83000 1000
2 0.1632 84000 1000
2 0.164 42000 0
2 0.164 85000 1000
2 0.164 86000 1000
2 0.1648 43000 0
2 0.1648 87000 1000
2 0.1648 88000 1000
2 0.1656 44000 0
2 0.1656 89000 1000
2 0.1656 90000 1000
2 0.1664 45000 0
2 0.1664 91000 1000
2 0.1664 92000 1000
2 0.1672 46000 0
2 0.1672 93000 1000
2 0.1672 94000 1000
2 0.168 47000 0
2 0.168 95000 1000
2 0.168 96000 1000
2 0.1688 48000 0
2 0.1688 97000 1000
2 0.1688 98000 1000
2 0.1696 49000 0
2 0.1696 99000 1000
2 0.1696 100000 1000
2 0.1704 50000 0
2 0.1704 101000 1000
2 0.1704 102000 1000
2 0.1712 51000 0
2 0.1712 103000 1000
2 0.1712 104000 1000
2 0.172 52000 0
2 0.172 105000 1000
2 0.172 106000 1000
2 0.1728 53000 0
2 0.1728 107000 1000
2 0.1728 108000 1000
2 0.1736 54000 0
2 0.1736 109000 1000
2 0.1736 110000 1000
2 0.1744 55000 0
2 0.1744 111000 1000
2 0.1744 112000 1000
2 0.1752 56000 0
2 0.1752 113000 1000
2 0.1752 114000 1000
2 0.176 57000 0
2 0.176 115000 1000
2 0.176 116000 1000
2 0.1768 58000 0
2 0.1768 117000 1000
2 0.1768 118000 1000
2 0.1776 59000 0
2 0.1776 119000 1000
2 0.1776 120000 1000
2 0.1784 60000 0
2 0.1784 121000 1000
2 0.1784 122000 1000
2 0.1792 61000 0
2 0.1792 123000 1000
2 0.1792 124000 1000
2 0.1792 124000 x
2 0.18 62000 0
2 0.18 125000 1000
2 0.18 126000 1000
2 0.18 126000 x
1 0.1808 63000 0
1 0.1808 127000 1000
1 0.1808 128000 1000
1 0.1808 128000 x
1 0.1816 64000 0
1 0.1816 129000 1000
1 0.1816 130000 1000
1 0.1816 130000 x
1 0.1824 65000 0
1 0.1824 131000 1000
1 0.1824 132000 1000
1 0.1824 132000 x
1 0.1832 66000 0
1 0.1832 133000 1000
1 0.1832 134000 1000
1 0.1832 134000 x
1 0.184 67000 0
1 0.184 135000 1000
1 0.184 136000 1000
1 0.184 136000 x
1 0.1848 68000 0
1 0.1848 137000 1000
1 0.1848 138000 1000
1 0.1848 138000 x
1 0.1856 69000 0
1 0.1856 139000 1000
1 0.1856 140000 1000
1 0.1856 140000 x
1 0.1864 70000 0
1 0.1864 141000 1000
1 0.1864 142000 1000
1 0.1864 142000 x
1 0.1872 71000 0
1 0.1872 143000 1000
1 0.1872 144000 1000
1 0.1872 144000 x
1 0.188 72000 0
1 0.188 145000 1000
1 0.188 146000 1000
1 0.188 146000 x
1 0.1888 73000 0
1 0.1888 147000 1000
1 0.1888 148000 1000
1 0.1888 148000 x
1 0.1896 74000 0
1 0.1896 149000 1000
1 0.1896 150000 1000
1 0.1896 150000 x
1 0.1904 75000 0
1 0.1904 151000 1000
1 0.1904 152000 1000
1 0.1904 152000 x
1 0.1912 76000 0
1 0.1912 153000 1000
1 0.1912 154000 1000
1 0.1912 154000 x
1 0.192 77000 0
1 0.192 155000 1000
1 0.192 156000 1000
1 0.192 156000 x
1 0.1928 78000 0
1 0.1928 157000 1000
1 0.1928 158000 1000
1 0.1928 158000 x
1 0.1936 79000 0
1 0.1936 159000 1000
1 0.1936 160000 1000
1 0.1936 160000 x
1 0.1944 80000 0
1 0.1944 161000 1000
1 0.1944 162000 1000
1 0.1944 162000 x
1 0.1952 81000 0
1 0.1952 163000 1000
1 0.1952 164000 1000
1 0.1952 164000 x
1 0.196 82000 0
1 0.196 165000 1000
1 0.196 166000 1000
1 0.196 166000 x
1 0.1968 83000 0
1 0.1968 167000 1000
1 0.1968 168000 1000
1 0.1968 168000 x
1 0.1976 84000 0
1 0.1976 169000 1000
1 0.1976 170000 1000
1 0.1976 170000 x
1 0.1984 85000 0
1 0.1984 171000 1000
1 0.1984 172000 1000
1 0.1984 172000 x
1 0.1992 86000 0
1 0.1992 173000 1000
1 0.1992 174000 1000
1 0.1992 174000 x
1 0.2 87000 0
1 0.2 175000 1000
1 0.2 176000 1000
1 0.2 176000 x
1 0.2008 88000 0
1 0.2008 177000 1000
1 0.2008 178000 1000
1 0.2008 178000 x
1 0.2016 89000 0
1 0.2016 179000 1000
1 0.2016 180000 1000
1 0.2016 180000 x
1 0.2024 90000 0
1 0.2024 181000 1000
1 0.2024 182000 1000
1 0.2024 182000 x
1 0.2032 91000 0
1 0.2032 183000 1000
1 0.2032 184000 1000
1 0.2032 184000 x
1 0.204 92000 0
1 0.204 185000 1000
1 0.204 186000 1000
1 0.204 186000 x
1 0.2048 93000 0
1 0.2048 187000 1000
1 0.2048 188000 1000
1 0.2048 188000 x
1 0.2056 94000 0
1 0.2056 189000 1000
1 0.2056 190000 1000
1 0.2056 190000 x
1 0.2064 95000 0
1 0.2064 191000 1000
1 0.2064 192000 1000
1 0.2064 192000 x
1 0.2072 96000 0
1 0.2072 193000 1000
1 0.2072 194000 1000
1 0.2072 194000 x
1 0.208 97000 0
1 0.208 195000 1000
1 0.208 196000 1000
1 0.208 196000 x
1 0.2088 98000 0
1 0.2088 197000 1000
1 0.2088 198000 1000
1 0.2088 198000 x
1 0.2096 99000 0
1 0.2096 199000 1000
1 0.2104 100000 0
1 0.2104 200000 1000
1 0.2112 101000 0
1 0.2112 201000 1000
1 0.212 102000 0
1 0.212 202000 1000
1 0.2128 103000 0
1 0.2128 203000 1000
1 0.2136 104000 0
1 0.2136 204000 1000
1 0.2144 105000 0
1 0.2144 205000 1000
1 0.2152 106000 0
1 0.2152 206000 1000
1 0.216 107000 0
1 0.216 207000 1000
1 0.2168 108000 0
1 0.2168 208000 1000
1 0.2176 109000 0
1 0.2176 209000 1000
1 0.2184 110000 0
1 0.2184 210000 1000
1 0.2192 111000 0
1 0.2192 211000 1000
1 0.22 112000 0
1 0.22 212000 1000
1 0.2208 113000 0
1 0.2208 213000 1000
1 0.2216 114000 0
1 0.2216 214000 1000
1 0.2224 115000 0
1 0.2224 215000 1000
1 0.2232 116000 0
1 0.2232 216000 1000
1 0.224 117000 0
1 0.224 217000 1000
1 0.2248 118000 0
1 0.2248 218000 1000
1 0.2256 119000 0
1 0.2256 219000 1000
1 0.2264 120000 0
1 0.2264 220000 1000
1 0.2272 121000 0
1 0.2272 221000 1000
1 0.228 122000 0
1 0.228 222000 1000
1 0.2288 123000 0
1 0.2288 223000 1000
1 0.2296 124000 0
1 0.2296 224000 1000
1 0.2304 125000 0
1 0.2304 225000 1000
1 0.2312 126000 0
1 0.2312 226000 1000
2 0.232 63000 0
2 0.232 127000 1000
2 0.232 128000 1000
2 0.232 128000 x
2 0.2328 64000 0
2 0.2328 129000 1000
2 0.2328 130000 1000
2 0.2328 130000 x
2 0.2336 65000 0
2 0.2336 131000 1000
2 0.2336 132000 1000
2 0.2336 132000 x
2 0.2344 66000 0
2 0.2344 133000 1000
2 0.2344 134000 1000
2 0.2344 134000 x
2 0.2352 67000 0
2 0.2352 135000 1000
2 0.2352 136000 1000
2 0.2352 136000 x
2 0.236 68000 0
2 0.236 137000 1000
2 0.236 138000 1000
2 0.236 138000 x
2 0.2368 69000 0
2 0.2368 139000 1000
2 0.2368 140000 1000
2 0.2368 140000 x
2 0.2376 70000 0
2 0.2376 141000 1000
2 0.2376 142000 1000
2 0.2376 142000 x
2 0.2384 71000 0
2 0.2384 143000 1000
2 0.2384 144000 1000
2 0.2384 144000 x
2 0.2392 72000 0
2 0.2392 145000 1000
2 0.2392 146000 1000
2 0.2392 146000 x
2 0.24 73000 0
2 0.24 147000 1000
2 0.24 148000 1000
2 0.24 148000 x
2 0.2408 74000 0
2 0.2408 149000 1000
2 0.2408 150000 1000
2 0.2408 150000 x
2 0.2416 75000 0
2 0.2416 151000 1000
2 0.2416 152000 1000
2 0.2416 152000 x
2 0.2424 76000 0
2 0.2424 153000 1000
2 0.2424 154000 1000
2 0.2424 154000 x
2 0.2432 77000 0
2 0.2432 155000 1000
2 0.2432 156000 1000
2 0.2432 156000 x
2 0.244 78000 0
2 0.244 157000 1000
2 0.244 158000 1000
2 0.244 158000 x
2 0.2448 79000 0
2 0.2448 159000 1000
2 0.2448 160000 1000
2 0.2448 160000 x
2 0.2456 80000 0
2 0.2456 161000 1000
2 0.2456 162000 1000
2 0.2456 162000 x
2 0.2464 81000 0
2 0.2464 163000 1000
2 0.2464 164000 1000
2 0.2464 164000 x
2 0.2472 82000 0
2 0.2472 165000 1000
2 0.2472 166000 1000
2 0.2472 166000 x
2 0.248 83000 0
2 0.248 167000 1000
2 0.248 168000 1000
2 0.248 168000 x
2 0.2488 84000 0
2 0.2488 169000 1000
2 0.2488 170000 1000
2 0.2488 170000 x
2 0.2496 85000 0
2 0.2496 171000 1000
2 0.2496 172000 1000
2 0.2496 172000 x
2 0.2504 86000 0
2 0.2504 173000 1000
2 0.2504 174000 1000
2 0.2504 174000 x
2 0.2512 87000 0
2 0.2512 175000 1000
2 0.2512 176000 1000
2 0.2512 176000 x
2 0.252 88000 0
2 0.252 177000 1000
2 0.252 178000 1000
2 0.252 178000 x
2 0.2528 89000 0
2 0.2528 179000 1000
2 0.2528 180000 1000
2 0.2528 180000 x
2 0.2536 90000 0
2 0.2536 181000 1000
2 0.2536 182000 1000
2 0.2536 182000 x
2 0.2544 91000 0
2 0.2544 183000 1000
2 0.2544 184000 1000
2 0.2544 183000 x
2 0.2544 184000 x
2 0.2552 92000 0
2 0.2552 185000 1000
2 0.2552 186000 1000
2 0.2552 186000 x
2 0.256 93000 0
2 0.256 187000 1000
2 0.256 188000 1000
2 0.256 188000 x
2 0.2568 94000 0
2 0.2568 189000 1000
2 0.2568 190000 1000
2 0.2568 190000 x
2 0.2576 95000 0
2 0.2576 191000 1000
2 0.2576 192000 1000
2 0.2576 192000 x
2 0.2584 96000 0
2 0.2584 193000 1000
2 0.2584 194000 1000
2 0.2584 194000 x
2 0.2592 97000 0
2 0.2592 195000 1000
2 0.2592 196000 1000
2 0.2592 196000 x
2 0.26 98000 0
2 0.26 197000 1000
2 0.26 198000 1000
2 0.26 198000 x
2 0.2608 99000 0
2 0.2608 199000 1000
2 0.2616 100000 0
2 0.2616 200000 1000
2 0.2624 101000 0
2 0.2624 201000 1000
2 0.2632 102000 0
2 0.2632 202000 1000
2 0.264 103000 0
2 0.264 203000 1000
2 0.2648 104000 0
2 0.2648 204000 1000
2 0.2656 105000 0
2 0.2656 205000 1000
2 0.2664 106000 0
2 0.2664 206000 1000
2 0.2672 107000 0
2 0.2672 207000 1000
2 0.268 108000 0
2 0.268 208000 1000
2 0.2688 109000 0
2 0.2688 209000 1000
2 0.2696 110000 0
2 0.2696 210000 1000
2 0.2704 111000 0
2 0.2704 211000 1000
2 0.2712 112000 0
2 0.2712 212000 1000
2 0.272 113000 0
2 0.272 213000 1000
2 0.2728 114000 0
2 0.2728 214000 1000
2 0.2736 115000 0
2 0.2736 215000 1000
2 0.2744 116000 0
2 0.2744 216000 1000
2 0.2752 117000 0
2 0.2752 217000 1000
2 0.276 118000 0
2 0.276 218000 1000
2 0.2768 119000 0
2 0.2768 219000 1000
2 0.2776 120000 0
2 0.2776 220000 1000
2 0.2784 121000 0
2 0.2784 221000 1000
2 0.2792 122000 0
2 0.2792 222000 1000
2 0.28 123000 0
2 0.28 223000 1000
2 0.2808 123000 0
1 0.2816 127000 0
1 0.2816 227000 1000
1 0.2824 127000 0
1 0.2832 127000 0
1 0.284 127000 0
1 0.2848 127000 0
1 0.2856 127000 0
1 0.2864 127000 0
1 0.2872 127000 0
1 0.288 127000 0
1 0.2888 127000 0
1 0.2896 127000 0
1 0.2904 127000 0
1 0.2912 127000 0
1 0.292 127000 0
1 0.2928 127000 0
1 0.2936 127000 0
1 0.2944 127000 0
1 0.2952 127000 0
1 0.296 127000 0
1 0.2968 127000 0
1 0.2976 127000 0
1 0.2984 127000 0
1 0.2992 127000 0
1 0.3 127000 0
1 0.3008 127000 0
1 0.3016 127000 0
1 0.3024 127000 0
1 0.3032 127000 0
1 0.304 127000 0
1 0.3048 127000 0
1 0.3056 127000 0
1 0.3064 127000 0
1 0.3072 127000 0
1 0.308 127000 0
1 0.3088 127000 0
1 0.3096 127000 0
1 0.3104 127000 0
1 0.3112 127000 0
1 0.312 127000 0
1 0.3128 127000 0
1 0.3136 127000 0
1 0.3144 127000 0
1 0.3152 127000 0
1 0.316 127000 0
1 0.3168 127000 0
1 0.3176 127000 0
1 0.3184 127000 0
1 0.3192 127000 0
1 0.32 127000 0
1 0.3208 127000 0
1 0.3216 127000 0
1 0.3224 127000 0
1 0.3232 127000 0
1 0.324 127000 0
1 0.3248 127000 0
1 0.3256 127000 0
1 0.3264 127000 0
1 0.3272 127000 0
1 0.328 127000 0
1 0.3288 127000 0
1 0.3296 127000 0
1 0.3304 127000 0
1 0.3312 127000 0
1 0.332 127000 0
2 0.3328 123000 0
2 0.3336 123000 0
2 0.3344 123000 0
2 0.3352 123000 0
2 0.336 123000 0
2 0.3368 123000 0
2 0.3376 123000 0
2 0.3384 123000 0
2 0.3392 123000 0
2 0.34 123000 0
2 0.3408 123000 0
2 0.3416 123000 0
2 0.3424 123000 0
2 0.3432 123000 0
2 0.344 123000 0
2 0.3448 123000 0
2 0.3456 123000 0
2 0.3464 123000 0
2 0.3472 123000 0
2 0.348 123000 0
2 0.3488 123000 0
2 0.3496 123000 0
2 0.3504 123000 0
2 0.3512 123000 0
2 0.352 123000 0
2 0.3528 123000 0
2 0.3536 123000 0
2 0.3544 123000 0
2 0.3552 123000 0
2 0.356 123000 0
2 0.3568 123000 0
2 0.3576 123000 0
2 0.3584 123000 0
2 0.3592 123000 0
2 0.36 123000 0
2 0.3608 123000 0
2 0.3616 123000 0
2 0.3624 123000 0
2 0.3632 123000 0
2 0.364 123000 0
2 0.3648 123000 0
2 0.3656 123000 0
2 0.3664 123000 0
2 0.3672 123000 0
2 0.368 123000 0
2 0.3688 123000 0
2 0.3696 123000 0
2 0.3704 123000 0
2 0.3712 123000 0
2 0.372 123000 0
2 0.3728 123000 0
2 0.3736 123000 0
2 0.3744 123000 0
2 0.3752 123000 0
2 0.376 123000 0
2 0.3768 123000 0
2 0.3776 123000 0
2 0.3784 123000 0
2 0.3792 123000 0
2 0.38 123000 0
1 0.3808 127000 0
2 0.58 124000 1000
1 0.5808 128000 1000
2 0.6008 125000 0
2 0.6008 126000 1000
2 0.6008 127000 1000
1 0.6016 129000 0
1 0.6016 130000 1000
1 0.6016 131000 1000
2 0.6216 127000 0
2 0.6216 128000 1000
2 0.6216 129000 1000
2 0.6216 130000 1000
2 0.6224 127000 0
2 0.6224 131000 1000
1 0.6232 131000 0
1 0.6232 132000 1000
1 0.6232 133000 1000
1 0.6232 134000 1000
1 0.624 131000 0
1 0.624 135000 1000
2 0.6424 129000 0
2 0.6424 132000 1000
2 0.6424 133000 1000
2 0.6424 134000 1000
2 0.6432 129000 0
2 0.6432 135000 1000
2 0.644 131000 0
2 0.644 136000 1000
2 0.644 137000 1000
2 0.644 138000 1000
2 0.6448 131000 0
2 0.6448 139000 1000
1 0.6456 133000 0
1 0.6456 136000 1000
1 0.6456 137000 1000
1 0.6456 138000 1000
1 0.6464 133000 0
1 0.6464 139000 1000
1 0.6472 135000 0
1 0.6472 140000 1000
1 0.6472 141000 1000
1 0.6472 142000 1000
1 0.648 135000 0
1 0.648 143000 1000
2 0.6632 133000 0
2 0.6632 140000 1000
2 0.6632 141000 1000
2 0.6632 142000 1000
2 0.664 133000 0
2 0.664 143000 1000
2 0.6648 135000 0
2 0.6648 144000 1000
2 0.6648 145000 1000
2 0.6648 146000 1000
2 0.6656 135000 0
2 0.6656 147000 1000
2 0.6664 137000 0
2 0.6664 148000 1000
2 0.6664 149000 1000
2 0.6664 150000 1000
2 0.6672 137000 0
2 0.6672 151000 1000
2 0.668 139000 0
2 0.668 152000 1000
2 0.668 153000 1000
2 0.668 154000 1000
2 0.6688 139000 0
2 0.6688 155000 1000
1 0.6696 137000 0
1 0.6696 144000 1000
1 0.6696 145000 1000
1 0.6696 146000 1000
1 0.6704 137000 0
1 0.6704 147000 1000
1 0.6712 139000 0
1 0.6712 148000 1000
1 0.6712 149000 1000
1 0.6712 150000 1000
1 0.672 139000 0
1 0.672 151000 1000
1 0.6728 141000 0
1 0.6728 152000 1000
1 0.6728 153000 1000
1 0.6728 154000 1000
1 0.6736 141000 0
1 0.6736 155000 1000
1 0.6744 143000 0
1 0.6744 156000 1000
1 0.6744 157000 1000
1 0.6744 158000 1000
1 0.6752 143000 0
1 0.6752 159000 1000
2 0.684 141000 0
2 0.684 156000 1000
2 0.684 157000 1000
2 0.684 158000 1000
2 0.6848 141000 0
2 0.6848 159000 1000
2 0.6856 143000 0
2 0.6856 160000 1000
2 0.6856 161000 1000
2 0.6856 162000 1000
2 0.6864 143000 0
2 0.6864 163000 1000
2 0.6872 145000 0
2 0.6872 164000 1000
2 0.6872 165000 1000
2 0.6872 166000 1000
2 0.688 145000 0
2 0.688 167000 1000
2 0.6888 147000 0
2 0.6888 168000 1000
2 0.6888 169000 1000
2 0.6888 170000 1000
2 0.6896 147000 0
2 0.6896 171000 1000
2 0.6904 149000 0
2 0.6904 172000 1000
2 0.6904 173000 1000
2 0.6904 174000 1000
2 0.6912 149000 0
2 0.6912 175000 1000
2 0.692 151000 0
2 0.692 176000 1000
2 0.692 177000 1000
2 0.692 178000 1000
2 0.6928 151000 0
2 0.6928 179000 1000
2 0.6936 153000 0
2 0.6936 180000 1000
2 0.6936 181000 1000
2 0.6936 182000 1000
2 0.6944 153000 0
2 0.6944 183000 1000
2 0.6952 155000 0
2 0.6952 184000 1000
2 0.6952 185000 1000
2 0.6952 186000 1000
2 0.696 155000 0
2 0.696 187000 1000
1 0.6968 145000 0
1 0.6968 160000 1000
1 0.6968 161000 1000
1 0.6968 162000 1000
1 0.6976 145000 0
1 0.6976 163000 1000
1 0.6984 147000 0
1 0.6984 164000 1000
1 0.6984 165000 1000
1 0.6984 166000 1000
1 0.6992 147000 0
1 0.6992 167000 1000
1 0.7 149000 0
1 0.7 168000 1000
1 0.7 169000 1000
1 0.7 170000 1000
1 0.7008 149000 0
1 0.7008 171000 1000
1 0.7016 151000 0
1 0.7016 172000 1000
1 0.7016 173000 1000
1 0.7016 174000 1000
1 0.7024 151000 0
1 0.7024 175000 1000
1 0.7032 153000 0
1 0.7032 176000 1000
1 0.7032 177000 1000
1 0.7032 178000 1000
1 0.704 153000 0
1 0.704 179000 1000
1 0.7048 155000 0
1 0.7048 180000 1000
1 0.7048 181000 1000
1 0.7048 182000 1000
1 0.7056 155000 0
1 0.7056 183000 1000
1 0.7064 157000 0
1 0.7064 184000 1000
1 0.7064 185000 1000
1 0.7064 186000 1000
1 0.7072 157000 0
1 0.7072 187000 1000
1 0.708 159000 0
1 0.708 188000 1000
1 0.708 189000 1000
1 0.708 190000 1000
1 0.7088 159000 0
1 0.7088 191000 1000
2 0.7096 157000 0
2 0.7096 188000 1000
2 0.7096 189000 1000
2 0.7096 190000 1000
2 0.7104 157000 0
2 0.7104 191000 1000
2 0.7112 159000 0
2 0.7112 192000 1000
2 0.7112 193000 1000
2 0.7112 194000 1000
2 0.712 159000 0
2 0.712 195000 1000
2 0.7128 161000 0
2 0.7128 196000 1000
2 0.7128 197000 1000
2 0.7128 198000 1000
2 0.7136 161000 0
2 0.7136 199000 1000
2 0.7144 163000 0
2 0.7144 200000 1000
2 0.7144 201000 1000
2 0.7144 202000 1000
2 0.7152 163000 0
2 0.7152 203000 1000
2 0.716 165000 0
2 0.716 204000 1000
2 0.716 205000 1000
2 0.716 206000 1000
2 0.7168 165000 0
2 0.7168 207000 1000
2 0.7176 167000 0
2 0.7176 208000 1000
2 0.7176 209000 1000
2 0.7176 210000 1000
2 0.7184 167000 0
2 0.7184 211000 1000
2 0.7192 169000 0
2 0.7192 212000 1000
2 0.7192 213000 1000
2 0.7192 214000 1000
2 0.72 169000 0
2 0.72 215000 1000
2 0.7208 171000 0
2 0.7208 216000 1000
2 0.7208 217000 1000
2 0.7208 218000 1000
2 0.7216 171000 0
2 0.7216 219000 1000
2 0.7224 173000 0
2 0.7224 220000 1000
2 0.7224 221000 1000
2 0.7224 222000 1000
2 0.7232 173000 0
2 0.7232 223000 1000
2 0.724 175000 0
2 0.724 224000 1000
2 0.724 225000 1000
2 0.7248 175000 0
2 0.7256 177000 0
2 0.7256 226000 1000
2 0.7256 227000 1000
2 0.7264 177000 0
2 0.7272 179000 0
2 0.7272 228000 1000
2 0.7272 229000 1000
2 0.728 179000 0
2 0.7288 181000 0
2 0.7288 230000 1000
2 0.7288 231000 1000
2 0.7296 181000 0
2 0.7304 182000 0
2 0.7304 232000 1000
2 0.7312 183000 0
2 0.7312 233000 1000
2 0.732 185000 0
2 0.732 234000 1000
2 0.732 235000 1000
2 0.7328 185000 0
2 0.7336 187000 0
2 0.7336 236000 1000
2 0.7336 237000 1000
2 0.7344 187000 0
1 0.7352 161000 0
1 0.7352 192000 1000
1 0.7352 193000 1000
1 0.7352 194000 1000
1 0.736 161000 0
1 0.736 195000 1000
1 0.7368 163000 0
1 0.7368 196000 1000
1 0.7368 197000 1000
1 0.7368 198000 1000
1 0.7376 163000 0
1 0.7376 199000 1000
1 0.7384 165000 0
1 0.7384 200000 1000
1 0.7384 201000 1000
1 0.7384 202000 1000
1 0.7392 165000 0
1 0.7392 203000 1000
1 0.74 167000 0
1 0.74 204000 1000
1 0.74 205000 1000
1 0.74 206000 1000
1 0.7408 167000 0
1 0.7408 207000 1000
1 0.7416 169000 0
1 0.7416 208000 1000
1 0.7416 209000 1000
1 0.7416 210000 1000
1 0.7424 169000 0
1 0.7424 211000 1000
1 0.7432 171000 0
1 0.7432 212000 1000
1 0.7432 213000 1000
1 0.7432 214000 1000
1 0.744 171000 0
1 0.744 215000 1000
1 0.7448 173000 0
1 0.7448 216000 1000
1 0.7448 217000 1000
1 0.7448 218000 1000
1 0.7456 173000 0
1 0.7456 219000 1000
1 0.7464 175000 0
1 0.7464 220000 1000
1 0.7464 221000 1000
1 0.7464 222000 1000
1 0.7472 175000 0
1 0.7472 223000 1000
1 0.748 177000 0
1 0.748 224000 1000
1 0.748 225000 1000
1 0.748 226000 1000
1 0.7488 177000 0
1 0.7488 227000 1000
1 0.7496 179000 0
1 0.7496 228000 1000
1 0.7496 229000 1000
1 0.7504 179000 0
1 0.7512 181000 0
1 0.7512 230000 1000
1 0.7512 231000 1000
1 0.752 181000 0
1 0.7528 183000 0
1 0.7528 232000 1000
1 0.7528 233000 1000
1 0.7536 183000 0
1 0.7544 185000 0
1 0.7544 234000 1000
1 0.7544 235000 1000
1 0.7552 185000 0
1 0.756 187000 0
1 0.756 236000 1000
1 0.756 237000 1000
1 0.7568 187000 0
1 0.7576 189000 0
1 0.7576 238000 1000
1 0.7576 239000 1000
1 0.7584 189000 0
1 0.7592 191000 0
1 0.7592 240000 1000
1 0.7592 241000 1000
1 0.76 191000 0
2 0.7608 189000 0
2 0.7608 238000 1000
2 0.7608 239000 1000
2 0.7616 189000 0
2 0.7624 191000 0
2 0.7624 240000 1000
2 0.7624 241000 1000
2 0.7632 191000 0
2 0.764 193000 0
2 0.764 242000 1000
2 0.764 243000 1000
2 0.7648 193000 0
2 0.7656 195000 0
2 0.7656 244000 1000
2 0.7656 245000 1000
2 0.7664 195000 0
2 0.7672 197000 0
2 0.7672 246000 1000
2 0.7672 247000 1000
2 0.768 197000 0
2 0.7688 223000 0
2 0.7688 248000 1000
2 0.7688 249000 1000
2 0.7688 250000 1000
2 0.7688 251000 1000
2 0.7688 252000 1000
2 0.7688 253000 1000
2 0.7688 254000 1000
2 0.7688 255000 1000
2 0.7688 256000 1000
2 0.7688 257000 1000
2 0.7688 258000 1000
2 0.7688 259000 1000
2 0.7688 260000 1000
2 0.7688 261000 1000
2 0.7688 262000 1000
2 0.7688 263000 1000
2 0.7688 264000 1000
2 0.7688 265000 1000
2 0.7688 266000 1000
2 0.7688 267000 1000
2 0.7688 268000 1000
2 0.7688 269000 1000
2 0.7688 270000 1000
2 0.7688 271000 1000
2 0.7688 272000 1000
2 0.7688 273000 1000
2 0.7688 274000 1000
2 0.7688 274000 x
2 0.7696 223000 0
2 0.7704 223000 0
2 0.7712 223000 0
2 0.772 223000 0
2 0.7728 223000 0
2 0.7736 223000 0
2 0.7744 223000 0
2 0.7752 223000 0
2 0.776 223000 0
2 0.7768 223000 0
2 0.7776 223000 0
2 0.7784 223000 0
2 0.7792 223000 0
2 0.78 223000 0
2 0.7808 223000 0
2 0.7816 223000 0
2 0.7824 223000 0
2 0.7832 223000 0
2 0.784 223000 0
2 0.7848 223000 0
2 0.7856 223000 0
2 0.7864 223000 0
2 0.7872 223000 0
2 0.788 223000 0
2 0.7888 223000 0
2 0.7896 224000 0
2 0.7896 275000 1000
2 0.7904 225000 0
2 0.7904 276000 1000
2 0.7912 226000 0
2 0.7912 277000 1000
2 0.792 227000 0
2 0.792 278000 1000
2 0.7928 228000 0
2 0.7928 279000 1000
2 0.7936 229000 0
2 0.7936 280000 1000
2 0.7944 230000 0
2 0.7944 281000 1000
2 0.7952 231000 0
2 0.7952 282000 1000
2 0.796 232000 0
2 0.796 283000 1000
2 0.7968 233000 0
2 0.7968 284000 1000
2 0.7976 234000 0
2 0.7976 285000 1000
2 0.7984 235000 0
2 0.7984 286000 1000
2 0.7992 236000 0
2 0.7992 287000 1000
2 0.8 237000 0
2 0.8 288000 1000
1 0.8008 193000 0
1 0.8008 242000 1000
1 0.8008 243000 1000
1 0.8016 193000 0
1 0.8024 195000 0
1 0.8024 244000 1000
1 0.8024 245000 1000
1 0.8032 195000 0
1 0.804 197000 0
1 0.804 246000 1000
1 0.804 247000 1000
1 0.8048 197000 0
1 0.8056 227000 0
1 0.8056 248000 1000
1 0.8056 249000 1000
1 0.8056 250000 1000
1 0.8056 251000 1000
1 0.8056 252000 1000
1 0.8056 253000 1000
1 0.8056 254000 1000
1 0.8056 255000 1000
1 0.8056 256000 1000
1 0.8056 257000 1000
1 0.8056 258000 1000
1 0.8056 259000 1000
1 0.8056 260000 1000
1 0.8056 261000 1000
1 0.8056 262000 1000
1 0.8056 263000 1000
1 0.8056 264000 1000
1 0.8056 265000 1000
1 0.8056 266000 1000
1 0.8056 267000 1000
1 0.8056 268000 1000
1 0.8056 269000 1000
1 0.8056 270000 1000
1 0.8056 271000 1000
1 0.8056 272000 1000
1 0.8056 273000 1000
1 0.8056 274000 1000
1 0.8056 275000 1000
1 0.8056 276000 1000
1 0.8056 277000 1000
1 0.8056 278000 1000
1 0.8056 274000 x
1 0.8056 275000 x
1 0.8056 276000 x
1 0.8056 277000 x
1 0.8056 278000 x
1 0.8064 227000 0
1 0.8072 227000 0
1 0.808 227000 0
1 0.8088 227000 0
1 0.8096 227000 0
1 0.8104 227000 0
1 0.8112 227000 0
1 0.812 227000 0
1 0.8128 227000 0
1 0.8136 227000 0
1 0.8144 227000 0
1 0.8152 227000 0
1 0.816 227000 0
1 0.8168 227000 0
1 0.8176 227000 0
1 0.8184 227000 0
1 0.8192 227000 0
1 0.82 227000 0
1 0.8208 227000 0
1 0.8216 227000 0
1 0.8224 227000 0
1 0.8232 227000 0
1 0.824 227000 0
1 0.8248 227000 0
1 0.8256 227000 0
1 0.8264 227000 0
1 0.8272 227000 0
1 0.828 227000 0
1 0.8288 227000 0
1 0.8296 228000 0
1 0.8296 279000 1000
1 0.8304 229000 0
1 0.8304 280000 1000
1 0.8312 230000 0
1 0.8312 281000 1000
1 0.832 231000 0
1 0.832 282000 1000
1 0.8328 232000 0
1 0.8328 283000 1000
1 0.8336 233000 0
1 0.8336 284000 1000
1 0.8344 234000 0
1 0.8344 285000 1000
1 0.8352 235000 0
1 0.8352 286000 1000
1 0.836 236000 0
1 0.836 287000 1000
1 0.8368 237000 0
1 0.8368 288000 1000
1 0.8376 238000 0
1 0.8376 289000 1000
1 0.8384 239000 0
1 0.8384 290000 1000
1 0.8392 240000 0
1 0.8392 291000 1000
1 0.84 241000 0
1 0.84 292000 1000
2 0.8408 238000 0
2 0.8408 289000 1000
2 0.8416 239000 0
2 0.8416 290000 1000
2 0.8424 240000 0
2 0.8424 291000 1000
2 0.8432 241000 0
2 0.8432 292000 1000
2 0.844 242000 0
2 0.844 293000 1000
2 0.8448 243000 0
2 0.8448 294000 1000
2 0.8456 244000 0
2 0.8456 295000 1000
2 0.8464 245000 0
2 0.8464 296000 1000
2 0.8472 246000 0
2 0.8472 297000 1000
2 0.848 247000 0
2 0.848 298000 1000
2 0.8488 248000 0
2 0.8488 299000 1000
2 0.8496 249000 0
2 0.8496 300000 1000
2 0.8504 250000 0
2 0.8504 301000 1000
2 0.8512 251000 0
2 0.8512 302000 1000
2 0.852 252000 0
2 0.852 303000 1000
2 0.8528 253000 0
2 0.8528 304000 1000
2 0.8536 254000 0
2 0.8536 305000 1000
2 0.8544 255000 0
2 0.8544 306000 1000
2 0.8552 256000 0
2 0.8552 307000 1000
2 0.856 257000 0
2 0.856 308000 1000
2 0.8568 258000 0
2 0.8568 309000 1000
2 0.8576 259000 0
2 0.8576 310000 1000
2 0.8584 260000 0
2 0.8584 311000 1000
2 0.8592 261000 0
2 0.8592 312000 1000
2 0.86 262000 0
2 0.86 313000 1000
2 0.8608 263000 0
2 0.8608 314000 1000
2 0.8616 264000 0
2 0.8616 315000 1000
2 0.8624 265000 0
2 0.8624 316000 1000
2 0.8632 266000 0
2 0.8632 317000 1000
2 0.864 267000 0
2 0.864 318000 1000
2 0.8648 268000 0
2 0.8648 319000 1000
2 0.8656 269000 0
2 0.8656 320000 1000
2 0.8664 270000 0
2 0.8664 321000 1000
2 0.8672 271000 0
2 0.8672 322000 1000
2 0.868 272000 0
2 0.868 323000 1000
2 0.8688 273000 0
2 0.8688 324000 1000
2 0.8696 273000 0
2 0.8704 273000 0
2 0.8712 273000 0
2 0.872 273000 0
2 0.8728 273000 0
2 0.8736 273000 0
2 0.8744 273000 0
2 0.8752 273000 0
2 0.876 273000 0
2 0.8768 273000 0
2 0.8776 273000 0
2 0.8784 273000 0
2 0.8792 273000 0
2 0.88 273000 0
1 0.8808 242000 0
1 0.8808 293000 1000
1 0.8816 243000 0
1 0.8816 294000 1000
1 0.8824 244000 0
1 0.8824 295000 1000
1 0.8832 245000 0
1 0.8832 296000 1000
1 0.884 246000 0
1 0.884 297000 1000
1 0.8848 247000 0
1 0.8848 298000 1000
1 0.8856 248000 0
1 0.8856 299000 1000
1 0.8864 249000 0
1 0.8864 300000 1000
1 0.8872 250000 0
1 0.8872 301000 1000
1 0.888 251000 0
1 0.888 302000 1000
1 0.8888 252000 0
1 0.8888 303000 1000
1 0.8896 253000 0
1 0.8896 304000 1000
1 0.8904 254000 0
1 0.8904 305000 1000
1 0.8912 255000 0
1 0.8912 306000 1000
1 0.892 256000 0
1 0.892 307000 1000
1 0.8928 257000 0
1 0.8928 308000 1000
1 0.8936 258000 0
1 0.8936 309000 1000
1 0.8944 259000 0
1 0.8944 310000 1000
1 0.8952 260000 0
1 0.8952 311000 1000
1 0.896 261000 0
1 0.896 312000 1000
1 0.8968 262000 0
1 0.8968 313000 1000
1 0.8976 263000 0
1 0.8976 314000 1000
1 0.8984 264000 0
1 0.8984 315000 1000
1 0.8992 265000 0
1 0.8992 316000 1000
1 0.9 266000 0
1 0.9 317000 1000
1 0.9008 267000 0
1 0.9008 318000 1000
1 0.9016 268000 0
1 0.9016 319000 1000
1 0.9024 269000 0
1 0.9024 320000 1000
1 0.9032 270000 0
1 0.9032 321000 1000
1 0.904 271000 0
1 0.904 322000 1000
1 0.9048 272000 0
1 0.9048 323000 1000
1 0.9056 273000 0
1 0.9056 324000 1000
1 0.9064 273000 0
1 0.9072 273000 0
1 0.908 273000 0
1 0.9088 273000 0
1 0.9096 273000 0
1 0.9104 273000 0
1 0.9112 273000 0
1 0.912 273000 0
1 0.9128 273000 0
1 0.9136 273000 0
1 0.9144 273000 0
1 0.9152 273000 0
1 0.916 273000 0
1 0.9168 273000 0
2 0.9176 273000 0
2 0.9184 273000 0
2 0.9192 273000 0
2 0.92 273000 0
2 0.9208 273000 0
2 0.9216 273000 0
2 0.9224 273000 0
2 0.9232 273000 0
2 0.924 273000 0
2 0.9248 273000 0
2 0.9256 273000 0
2 0.9264 273000 0
2 0.9272 273000 0
2 0.928 273000 0
2 0.9288 273000 0
2 0.9296 273000 0
2 0.9304 273000 0
2 0.9312 273000 0
2 0.932 273000 0
2 0.9328 273000 0
2 0.9336 273000 0
2 0.9344 273000 0
2 0.9352 273000 0
2 0.936 273000 0
2 0.9368 273000 0
2 0.9376 273000 0
2 0.9384 273000 0
2 0.9392 273000 0
2 0.94 273000 0
2 0.9408 273000 0
2 0.9416 273000 0
2 0.9424 273000 0
2 0.9432 273000 0
2 0.944 273000 0
2 0.9448 273000 0
2 0.9456 273000 0
1 0.9464 273000 0
1 0.9472 273000 0
1 0.948 273000 0
1 0.9488 273000 0
1 0.9496 273000 0
1 0.9504 273000 0
1 0.9512 273000 0
1 0.952 273000 0
1 0.9528 273000 0
1 0.9536 273000 0
1 0.9544 273000 0
1 0.9552 273000 0
1 0.956 273000 0
1 0.9568 273000 0
1 0.9576 273000 0
1 0.9584 273000 0
1 0.9592 273000 0
1 0.96 273000 0
1 0.9608 273000 0
1 0.9616 273000 0
1 0.9624 273000 0
1 0.9632 273000 0
1 0.964 273000 0
1 0.9648 273000 0
1 0.9656 273000 0
1 0.9664 273000 0
1 0.9672 273000 0
1 0.968 273000 0
1 0.9688 273000 0
1 0.9696 273000 0
1 0.9704 273000 0
1 0.9712 273000 0
2 1.1456 274000 1000
2 1.1664 324000 0
2 1.1664 325000 1000
2 1.1664 326000 1000
1 1.1712 274000 1000
2 1.1872 325000 0
2 1.1872 327000 1000
2 1.1872 328000 1000
2 1.188 326000 0
2 1.188 329000 1000
2 1.188 330000 1000
1 1.192 274000 0
1 1.192 275000 1000
1 1.192 276000 1000
2 1.208 327000 0
2 1.208 331000 1000
2 1.208 332000 1000
2 1.2088 328000 0
2 1.2088 333000 1000
2 1.2088 334000 1000
2 1.2096 329000 0
2 1.2096 335000 1000
2 1.2096 336000 1000
2 1.2104 330000 0
2 1.2104 337000 1000
2 1.2104 338000 1000
1 1.2128 275000 0
1 1.2128 277000 1000
1 1.2128 278000 1000
1 1.2136 276000 0
1 1.2136 279000 1000
1 1.2136 280000 1000
2 1.2288 331000 0
2 1.2288 339000 1000
2 1.2288 340000 1000
2 1.2296 332000 0
2 1.2296 341000 1000
2 1.2296 342000 1000
2 1.2304 333000 0
2 1.2304 343000 1000
2 1.2304 344000 1000
2 1.2312 334000 0
2 1.2312 345000 1000
2 1.2312 346000 1000
2 1.232 335000 0
2 1.232 347000 1000
2 1.232 348000 1000
2 1.2328 336000 0
2 1.2328 349000 1000
2 1.2328 350000 1000
2 1.2336 337000 0
2 1.2336 351000 1000
2 1.2336 352000 1000
2 1.2344 338000 0
2 1.2344 353000 1000
2 1.2344 354000 1000
1 1.2352 277000 0
1 1.2352 281000 1000
1 1.2352 282000 1000
1 1.236 324000 0
1 1.236 325000 1000
1 1.236 326000 1000
1 1.236 327000 1000
1 1.236 328000 1000
1 1.236 329000 1000
1 1.236 330000 1000
1 1.2368 324000 0
1 1.2368 331000 1000
1 1.2376 324000 0
1 1.2376 332000 1000
2 1.2496 339000 0
2 1.2496 355000 1000
2 1.2496 356000 1000
2 1.2504 340000 0
2 1.2504 357000 1000
2 1.2504 358000 1000
2 1.2512 341000 0
2 1.2512 359000 1000
2 1.2512 360000 1000
2 1.252 342000 0
2 1.252 361000 1000
2 1.252 362000 1000
2 1.2528 343000 0
2 1.2528 363000 1000
2 1.2528 364000 1000
2 1.2536 344000 0
2 1.2536 365000 1000
2 1.2536 366000 1000
2 1.2544 345000 0
2 1.2544 367000 1000
2 1.2544 368000 1000
2 1.2552 346000 0
2 1.2552 369000 1000
2 1.2552 370000 1000
2 1.256 347000 0
2 1.256 371000 1000
2 1.256 372000 1000
2 1.2568 348000 0
2 1.2568 373000 1000
2 1.2568 374000 1000
2 1.2576 349000 0
2 1.2576 375000 1000
2 1.2584 350000 0
2 1.2584 376000 1000
2 1.2592 351000 0
2 1.2592 377000 1000
2 1.26 352000 0
2 1.26 378000 1000
2 1.2608 353000 0
2 1.2608 379000 1000
2 1.2616 354000 0
2 1.2616 380000 1000
1 1.2624 324000 0
1 1.2624 333000 1000
1 1.2632 324000 0
1 1.2632 334000 1000
1 1.264 325000 0
1 1.264 335000 1000
1 1.264 336000 1000
1 1.2648 326000 0
1 1.2648 337000 1000
1 1.2648 338000 1000
1 1.2656 327000 0
1 1.2656 339000 1000
1 1.2656 340000 1000
1 1.2664 328000 0
1 1.2664 341000 1000
1 1.2664 342000 1000
1 1.2672 329000 0
1 1.2672 343000 1000
1 1.2672 344000 1000
1 1.268 330000 0
1 1.268 345000 1000
1 1.268 346000 1000
1 1.2688 331000 0
1 1.2688 347000 1000
1 1.2688 348000 1000
1 1.2696 332000 0
1 1.2696 349000 1000
1 1.2696 350000 1000
2 1.2704 355000 0
2 1.2704 381000 1000
2 1.2712 356000 0
2 1.2712 382000 1000
2 1.272 357000 0
2 1.272 383000 1000
2 1.2728 358000 0
2 1.2728 384000 1000
2 1.2736 359000 0
2 1.2736 385000 1000
2 1.2744 360000 0
2 1.2744 386000 1000
2 1.2752 361000 0
2 1.2752 387000 1000
2 1.276 362000 0
2 1.276 388000 1000
2 1.2768 363000 0
2 1.2768 389000 1000
2 1.2776 364000 0
2 1.2776 390000 1000
2 1.2784 365000 0
2 1.2784 391000 1000
2 1.2792 366000 0
2 1.2792 392000 1000
2 1.28 367000 0
2 1.28 393000 1000
2 1.2808 368000 0
2 1.2808 394000 1000
2 1.2816 369000 0
2 1.2816 395000 1000
2 1.2824 370000 0
2 1.2824 396000 1000
2 1.2832 371000 0
2 1.2832 397000 1000
2 1.284 372000 0
2 1.284 398000 1000
2 1.2848 373000 0
2 1.2848 399000 1000
2 1.2856 374000 0
2 1.2856 400000 1000
2 1.2856 401000 1000
2 1.2864 375000 0
2 1.2864 402000 1000
2 1.2872 376000 0
2 1.2872 403000 1000
2 1.288 377000 0
2 1.288 404000 1000
2 1.2888 378000 0
2 1.2888 405000 1000
2 1.2896 379000 0
2 1.2896 406000 1000
2 1.2904 380000 0
2 1.2904 407000 1000
1 1.2912 333000 0
1 1.2912 351000 1000
1 1.2912 352000 1000
1 1.292 334000 0
1 1.292 353000 1000
1 1.292 354000 1000
1 1.2928 335000 0
1 1.2928 355000 1000
1 1.2928 356000 1000
1 1.2936 336000 0
1 1.2936 357000 1000
1 1.2936 358000 1000
1 1.2944 337000 0
1 1.2944 359000 1000
1 1.2944 360000 1000
1 1.2952 338000 0
1 1.2952 361000 1000
1 1.2952 362000 1000
1 1.296 339000 0
1 1.296 363000 1000
1 1.296 364000 1000
1 1.2968 340000 0
1 1.2968 365000 1000
1 1.2968 366000 1000
1 1.2976 341000 0
1 1.2976 367000 1000
1 1.2984 342000 0
1 1.2984 368000 1000
1 1.2992 343000 0
1 1.2992 369000 1000
1 1.3 344000 0
1 1.3 370000 1000
1 1.3008 345000 0
1 1.3008 371000 1000
1 1.3016 346000 0
1 1.3016 372000 1000
1 1.3024 347000 0
1 1.3024 373000 1000
1 1.3032 348000 0
1 1.3032 374000 1000
1 1.304 349000 0
1 1.304 375000 1000
1 1.3048 350000 0
1 1.3048 376000 1000
2 1.3056 381000 0
2 1.3056 408000 1000
2 1.3064 382000 0
2 1.3064 409000 1000
2 1.3072 383000 0
2 1.3072 410000 1000
2 1.308 384000 0
2 1.308 411000 1000
2 1.3088 385000 0
2 1.3088 412000 1000
2 1.3096 386000 0
2 1.3096 413000 1000
2 1.3104 387000 0
2 1.3104 414000 1000
2 1.3112 388000 0
2 1.3112 415000 1000
2 1.312 389000 0
2 1.312 416000 1000
2 1.3128 390000 0
2 1.3128 417000 1000
2 1.3136 391000 0
2 1.3136 418000 1000
2 1.3144 392000 0
2 1.3144 419000 1000
2 1.3152 393000 0
2 1.3152 420000 1000
2 1.316 394000 0
2 1.316 421000 1000
2 1.3168 395000 0
2 1.3168 422000 1000
2 1.3176 396000 0
2 1.3176 423000 1000
2 1.3184 397000 0
2 1.3184 424000 1000
2 1.3192 398000 0
2 1.3192 425000 1000
2 1.32 399000 0
2 1.32 426000 1000
2 1.3208 400000 0
2 1.3208 427000 1000
2 1.3216 401000 0
2 1.3216 428000 1000
2 1.3216 429000 1000
2 1.3224 402000 0
2 1.3224 430000 1000
2 1.3232 403000 0
2 1.3232 431000 1000
2 1.324 404000 0
2 1.324 432000 1000
2 1.3248 405000 0
2 1.3248 433000 1000
2 1.3256 406000 0
2 1.3256 434000 1000
2 1.3264 407000 0
2 1.3264 435000 1000
1 1.3272 351000 0
1 1.3272 377000 1000
1 1.328 352000 0
1 1.328 378000 1000
1 1.3288 353000 0
1 1.3288 379000 1000
1 1.3296 354000 0
1 1.3296 380000 1000
1 1.3304 355000 0
1 1.3304 381000 1000
1 1.3312 356000 0
1 1.3312 382000 1000
1 1.332 357000 0
1 1.332 383000 1000
1 1.3328 358000 0
1 1.3328 384000 1000
1 1.3336 359000 0
1 1.3336 385000 1000
1 1.3344 360000 0
1 1.3344 386000 1000
1 1.3352 361000 0
1 1.3352 387000 1000
1 1.336 362000 0
1 1.336 388000 1000
1 1.3368 363000 0
1 1.3368 389000 1000
1 1.3376 364000 0
1 1.3376 390000 1000
1 1.3384 365000 0
1 1.3384 391000 1000
1 1.3392 366000 0
1 1.3392 392000 1000
1 1.3392 393000 1000
1 1.34 367000 0
1 1.34 394000 1000
1 1.3408 368000 0
1 1.3408 395000 1000
1 1.3416 369000 0
1 1.3416 396000 1000
1 1.3424 370000 0
1 1.3424 397000 1000
1 1.3432 371000 0
1 1.3432 398000 1000
1 1.344 372000 0
1 1.344 399000 1000
1 1.3448 373000 0
1 1.3448 400000 1000
1 1.3456 374000 0
1 1.3456 401000 1000
1 1.3464 375000 0
1 1.3464 402000 1000
1 1.3472 376000 0
1 1.3472 403000 1000
2 1.348 408000 0
2 1.348 436000 1000
2 1.3488 409000 0
2 1.3488 437000 1000
2 1.3496 410000 0
2 1.3496 438000 1000
2 1.3504 411000 0
2 1.3504 439000 1000
2 1.3512 412000 0
2 1.3512 440000 1000
2 1.352 413000 0
2 1.352 441000 1000
2 1.3528 414000 0
2 1.3528 442000 1000
2 1.3536 415000 0
2 1.3536 443000 1000
2 1.3544 416000 0
2 1.3544 444000 1000
2 1.3552 417000 0
2 1.3552 445000 1000
2 1.356 418000 0
2 1.356 446000 1000
2 1.3568 419000 0
2 1.3568 447000 1000
2 1.3576 420000 0
2 1.3576 448000 1000
2 1.3584 421000 0
2 1.3584 449000 1000
2 1.3592 422000 0
2 1.3592 450000 1000
2 1.36 423000 0
2 1.36 451000 1000
2 1.3608 424000 0
2 1.3608 452000 1000
2 1.3616 425000 0
2 1.3616 453000 1000
2 1.3624 426000 0
2 1.3624 454000 1000
2 1.3632 427000 0
2 1.3632 455000 1000
2 1.364 428000 0
2 1.364 456000 1000
2 1.3648 429000 0
2 1.3648 457000 1000
2 1.3648 458000 1000
2 1.3656 430000 0
2 1.3656 459000 1000
2 1.3664 431000 0
2 1.3664 460000 1000
2 1.3672 432000 0
2 1.3672 461000 1000
2 1.368 433000 0
2 1.368 462000 1000
2 1.3688 434000 0
2 1.3688 463000 1000
2 1.3696 435000 0
2 1.3696 464000 1000
1 1.3704 377000 0
1 1.3704 404000 1000
1 1.3712 378000 0
1 1.3712 405000 1000
1 1.372 379000 0
1 1.372 406000 1000
1 1.3728 380000 0
1 1.3728 407000 1000
1 1.3736 381000 0
1 1.3736 408000 1000
1 1.3744 382000 0
1 1.3744 409000 1000
1 1.3752 383000 0
1 1.3752 410000 1000
1 1.376 384000 0
1 1.376 411000 1000
1 1.3768 385000 0
1 1.3768 412000 1000
1 1.3776 386000 0
1 1.3776 413000 1000
1 1.3784 387000 0
1 1.3784 414000 1000
1 1.3792 388000 0
1 1.3792 415000 1000
1 1.38 389000 0
1 1.38 416000 1000
1 1.3808 390000 0
1 1.3808 417000 1000
1 1.3816 391000 0
1 1.3816 418000 1000
1 1.3824 392000 0
1 1.3824 419000 1000
1 1.3832 393000 0
1 1.3832 420000 1000
1 1.3832 421000 1000
1 1.384 394000 0
1 1.384 422000 1000
1 1.3848 395000 0
1 1.3848 423000 1000
1 1.3856 396000 0
1 1.3856 424000 1000
1 1.3864 397000 0
1 1.3864 425000 1000
1 1.3872 398000 0
1 1.3872 426000 1000
1 1.388 399000 0
1 1.388 427000 1000
1 1.3888 400000 0
1 1.3888 428000 1000
1 1.3896 401000 0
1 1.3896 429000 1000
1 1.3904 402000 0
1 1.3904 430000 1000
1 1.3912 403000 0
1 1.3912 431000 1000
2 1.392 436000 0
2 1.392 465000 1000
2 1.3928 437000 0
2 1.3928 466000 1000
2 1.3936 438000 0
2 1.3936 467000 1000
2 1.3944 439000 0
2 1.3944 468000 1000
2 1.3952 440000 0
2 1.3952 469000 1000
2 1.396 441000 0
2 1.396 470000 1000
2 1.3968 442000 0
2 1.3968 471000 1000
2 1.3976 443000 0
2 1.3976 472000 1000
2 1.3984 444000 0
2 1.3984 473000 1000
2 1.3992 445000 0
2 1.3992 474000 1000
2 1.4 446000 0
2 1.4 475000 1000
2 1.4008 447000 0
2 1.4008 476000 1000
2 1.4016 448000 0
2 1.4016 477000 1000
2 1.4024 449000 0
2 1.4024 478000 1000
2 1.4032 450000 0
2 1.4032 479000 1000
2 1.404 451000 0
2 1.404 480000 1000
2 1.4048 452000 0
2 1.4048 481000 1000
2 1.4056 453000 0
2 1.4056 482000 1000
2 1.4064 454000 0
2 1.4064 483000 1000
2 1.4072 455000 0
2 1.4072 484000 1000
2 1.408 456000 0
2 1.408 485000 1000
2 1.4088 457000 0
2 1.4088 486000 1000
2 1.4096 458000 0
2 1.4096 487000 1000
2 1.4096 488000 1000
2 1.4104 459000 0
2 1.4104 489000 1000
2 1.4112 460000 0
2 1.4112 490000 1000
2 1.412 461000 0
2 1.412 491000 1000
2 1.4128 462000 0
2 1.4128 492000 1000
2 1.4136 463000 0
2 1.4136 493000 1000
2 1.4144 464000 0
2 1.4144 494000 1000
1 1.4152 404000 0
1 1.4152 432000 1000
1 1.416 405000 0
1 1.416 433000 1000
1 1.4168 406000 0
1 1.4168 434000 1000
1 1.4176 407000 0
1 1.4176 435000 1000
1 1.4184 408000 0
1 1.4184 436000 1000
1 1.4192 409000 0
1 1.4192 437000 1000
1 1.42 410000 0
1 1.42 438000 1000
1 1.4208 411000 0
1 1.4208 439000 1000
1 1.4216 412000 0
1 1.4216 440000 1000
1 1.4224 413000 0
1 1.4224 441000 1000
1 1.4232 414000 0
1 1.4232 442000 1000
1 1.424 415000 0
1 1.424 443000 1000
1 1.4248 416000 0
1 1.4248 444000 1000
1 1.4256 417000 0
1 1.4256 445000 1000
1 1.4264 418000 0
1 1.4264 446000 1000
1 1.4272 419000 0
1 1.4272 447000 1000
1 1.428 420000 0
1 1.428 448000 1000
1 1.4288 421000 0
1 1.4288 449000 1000
1 1.4288 450000 1000
1 1.4296 422000 0
1 1.4296 451000 1000
1 1.4304 423000 0
1 1.4304 452000 1000
1 1.4312 424000 0
1 1.4312 453000 1000
1 1.432 425000 0
1 1.432 454000 1000
1 1.4328 426000 0
1 1.4328 455000 1000
1 1.4336 427000 0
1 1.4336 456000 1000
1 1.4344 428000 0
1 1.4344 457000 1000
1 1.4352 429000 0
1 1.4352 458000 1000
1 1.436 430000 0
1 1.436 459000 1000
1 1.4368 431000 0
1 1.4368 460000 1000
2 1.4376 465000 0
2 1.4376 495000 1000
2 1.4384 466000 0
2 1.4384 496000 1000
2 1.4392 467000 0
2 1.4392 497000 1000
2 1.44 468000 0
2 1.44 498000 1000
2 1.4408 469000 0
2 1.4408 499000 1000
2 1.4416 470000 0
2 1.4416 500000 1000
2 1.4424 471000 0
2 1.4424 501000 1000
2 1.4432 472000 0
2 1.4432 502000 1000
2 1.444 473000 0
2 1.444 503000 1000
2 1.4448 474000 0
2 1.4448 504000 1000
2 1.4456 475000 0
2 1.4456 505000 1000
2 1.4464 476000 0
2 1.4464 506000 1000
2 1.4472 477000 0
2 1.4472 507000 1000
2 1.448 478000 0
2 1.448 508000 1000
2 1.4488 479000 0
2 1.4488 509000 1000
2 1.4496 480000 0
2 1.4496 510000 1000
2 1.4504 481000 0
2 1.4504 511000 1000
2 1.4512 482000 0
2 1.4512 512000 1000
2 1.452 483000 0
2 1.452 513000 1000
2 1.4528 484000 0
2 1.4528 514000 1000
2 1.4536 485000 0
2 1.4536 515000 1000
2 1.4544 486000 0
2 1.4544 516000 1000
2 1.4552 487000 0
2 1.4552 517000 1000
2 1.456 488000 0
2 1.456 518000 1000
2 1.456 519000 1000
2 1.4568 489000 0
2 1.4568 520000 1000
2 1.4576 490000 0
2 1.4576 521000 1000
2 1.4584 491000 0
2 1.4584 522000 1000
2 1.4592 492000 0
2 1.4592 523000 1000
2 1.46 493000 0
2 1.46 524000 1000
2 1.4608 494000 0
2 1.4608 525000 1000
1 1.4616 432000 0
1 1.4616 461000 1000
1 1.4624 433000 0
1 1.4624 462000 1000
1 1.4632 434000 0
1 1.4632 463000 1000
1 1.464 435000 0
1 1.464 464000 1000
1 1.4648 436000 0
1 1.4648 465000 1000
1 1.4656 437000 0
1 1.4656 466000 1000
1 1.4664 438000 0
1 1.4664 467000 1000
1 1.4672 439000 0
1 1.4672 468000 1000
1 1.468 440000 0
1 1.468 469000 1000
1 1.4688 441000 0
1 1.4688 470000 1000
1 1.4696 442000 0
1 1.4696 471000 1000
1 1.4704 443000 0
1 1.4704 472000 1000
1 1.4712 444000 0
1 1.4712 473000 1000
1 1.472 445000 0
1 1.472 474000 1000
1 1.4728 446000 0
1 1.4728 475000 1000
1 1.4736 447000 0
1 1.4736 476000 1000
1 1.4744 448000 0
1 1.4744 477000 1000
1 1.4752 449000 0
1 1.4752 478000 1000
1 1.476 450000 0
1 1.476 479000 1000
1 1.476 480000 1000
1 1.4768 451000 0
1 1.4768 481000 1000
1 1.4776 452000 0
1 1.4776 482000 1000
1 1.4784 453000 0
1 1.4784 483000 1000
1 1.4792 454000 0
1 1.4792 484000 1000
1 1.48 455000 0
1 1.48 485000 1000
1 1.4808 456000 0
1 1.4808 486000 1000
1 1.4816 457000 0
1 1.4816 487000 1000
1 1.4824 458000 0
1 1.4824 488000 1000
1 1.4832 459000 0
1 1.4832 489000 1000
1 1.484 460000 0
1 1.484 490000 1000
2 1.4848 495000 0
2 1.4848 526000 1000
2 1.4856 496000 0
2 1.4856 527000 1000
2 1.4864 497000 0
2 1.4864 528000 1000
2 1.4872 498000 0
2 1.4872 529000 1000
2 1.488 499000 0
2 1.488 530000 1000
2 1.4888 500000 0
2 1.4888 531000 1000
2 1.4896 501000 0
2 1.4896 532000 1000
2 1.4904 502000 0
2 1.4904 533000 1000
2 1.4912 503000 0
2 1.4912 534000 1000
2 1.492 504000 0
2 1.492 535000 1000
2 1.4928 505000 0
2 1.4928 536000 1000
2 1.4936 506000 0
2 1.4936 537000 1000
2 1.4944 507000 0
2 1.4944 538000 1000
2 1.4952 508000 0
2 1.4952 539000 1000
2 1.496 509000 0
2 1.496 540000 1000
2 1.4968 510000 0
2 1.4968 541000 1000
2 1.4976 511000 0
2 1.4976 542000 1000
2 1.4984 512000 0
2 1.4984 543000 1000
2 1.4992 513000 0
2 1.4992 544000 1000
2 1.5 514000 0
2 1.5 545000 1000
2 1.5008 515000 0
2 1.5008 546000 1000
2 1.5016 516000 0
2 1.5016 547000 1000
2 1.5024 517000 0
2 1.5024 548000 1000
2 1.5032 518000 0
2 1.5032 549000 1000
2 1.504 519000 0
2 1.504 550000 1000
2 1.504 551000 1000
2 1.5048 520000 0
2 1.5048 552000 1000
2 1.5056 521000 0
2 1.5056 553000 1000
2 1.5064 522000 0
2 1.5064 554000 1000
2 1.5072 523000 0
2 1.5072 555000 1000
2 1.508 524000 0
2 1.508 556000 1000
2 1.5088 525000 0
2 1.5088 557000 1000
1 1.5096 461000 0
1 1.5096 491000 1000
1 1.5104 462000 0
1 1.5104 492000 1000
1 1.5112 463000 0
1 1.5112 493000 1000
1 1.512 464000 0
1 1.512 494000 1000
1 1.5128 465000 0
1 1.5128 495000 1000
1 1.5136 466000 0
1 1.5136 496000 1000
1 1.5144 467000 0
1 1.5144 497000 1000
1 1.5152 468000 0
1 1.5152 498000 1000
1 1.516 469000 0
1 1.516 499000 1000
1 1.5168 470000 0
1 1.5168 500000 1000
1 1.5176 471000 0
1 1.5176 501000 1000
1 1.5184 472000 0
1 1.5184 502000 1000
1 1.5192 473000 0
1 1.5192 503000 1000
1 1.52 474000 0
1 1.52 504000 1000
1 1.5208 475000 0
1 1.5208 505000 1000
1 1.5216 476000 0
1 1.5216 506000 1000
1 1.5224 477000 0
1 1.5224 507000 1000
1 1.5232 478000 0
1 1.5232 508000 1000
1 1.524 479000 0
1 1.524 509000 1000
1 1.5248 480000 0
1 1.5248 510000 1000
1 1.5248 511000 1000
1 1.5256 481000 0
1 1.5256 512000 1000
1 1.5264 482000 0
1 1.5264 513000 1000
1 1.5272 483000 0
1 1.5272 514000 1000
1 1.528 484000 0
1 1.528 515000 1000
1 1.5288 485000 0
1 1.5288 516000 1000
1 1.5296 486000 0
1 1.5296 517000 1000
1 1.5304 487000 0
1 1.5304 518000 1000
1 1.5312 488000 0
1 1.5312 519000 1000
1 1.532 489000 0
1 1.532 520000 1000
1 1.5328 490000 0
1 1.5328 521000 1000
2 1.5336 526000 0
2 1.5336 558000 1000
2 1.5344 527000 0
2 1.5344 559000 1000
2 1.5352 528000 0
2 1.5352 560000 1000
2 1.536 529000 0
2 1.536 561000 1000
2 1.5368 530000 0
2 1.5368 562000 1000
2 1.5376 531000 0
2 1.5376 563000 1000
2 1.5384 532000 0
2 1.5384 564000 1000
2 1.5392 533000 0
2 1.5392 565000 1000
2 1.54 534000 0
2 1.54 566000 1000
2 1.5408 535000 0
2 1.5408 567000 1000
2 1.5416 536000 0
2 1.5416 568000 1000
2 1.5424 537000 0
2 1.5424 569000 1000
2 1.5432 538000 0
2 1.5432 570000 1000
2 1.544 539000 0
2 1.544 571000 1000
2 1.5448 540000 0
2 1.5448 572000 1000
2 1.5456 541000 0
2 1.5456 573000 1000
2 1.5464 542000 0
2 1.5464 574000 1000
2 1.5472 543000 0
2 1.5472 575000 1000
2 1.548 544000 0
2 1.548 576000 1000
2 1.5488 545000 0
2 1.5488 577000 1000
2 1.5496 546000 0
2 1.5496 578000 1000
2 1.5504 547000 0
2 1.5504 579000 1000
2 1.5512 548000 0
2 1.5512 580000 1000
2 1.552 549000 0
2 1.552 581000 1000
2 1.5528 550000 0
2 1.5528 582000 1000
2 1.5536 551000 0
2 1.5536 583000 1000
2 1.5536 584000 1000
2 1.5544 552000 0
2 1.5544 585000 1000
2 1.5552 553000 0
2 1.5552 586000 1000
2 1.556 554000 0
2 1.556 587000 1000
2 1.5568 555000 0
2 1.5568 588000 1000
2 1.5576 556000 0
2 1.5576 589000 1000
2 1.5584 557000 0
2 1.5584 590000 1000
1 1.5592 491000 0
1 1.5592 522000 1000
1 1.56 492000 0
1 1.56 523000 1000
1 1.5608 493000 0
1 1.5608 524000 1000
1 1.5616 494000 0
1 1.5616 525000 1000
1 1.5624 495000 0
1 1.5624 526000 1000
1 1.5632 496000 0
1 1.5632 527000 1000
1 1.564 497000 0
1 1.564 528000 1000
1 1.5648 498000 0
1 1.5648 529000 1000
1 1.5656 499000 0
1 1.5656 530000 1000
1 1.5664 500000 0
1 1.5664 531000 1000
1 1.5672 501000 0
1 1.5672 532000 1000
1 1.568 502000 0
1 1.568 533000 1000
1 1.5688 503000 0
1 1.5688 534000 1000
1 1.5696 504000 0
1 1.5696 535000 1000
1 1.5704 505000 0
1 1.5704 536000 1000
1 1.5712 506000 0
1 1.5712 537000 1000
1 1.572 507000 0
1 1.572 538000 1000
1 1.5728 508000 0
1 1.5728 539000 1000
1 1.5736 509000 0
1 1.5736 540000 1000
1 1.5744 510000 0
1 1.5744 541000 1000
1 1.5752 511000 0
1 1.5752 542000 1000
1 1.5752 543000 1000
1 1.576 512000 0
1 1.576 544000 1000
1 1.5768 513000 0
1 1.5768 545000 1000
1 1.5776 514000 0
1 1.5776 546000 1000
1 1.5784 515000 0
1 1.5784 547000 1000
1 1.5792 516000 0
1 1.5792 548000 1000
1 1.58 517000 0
1 1.58 549000 1000
1 1.5808 518000 0
1 1.5808 550000 1000
1 1.5816 519000 0
1 1.5816 551000 1000
1 1.5824 520000 0
1 1.5824 552000 1000
1 1.5832 521000 0
1 1.5832 553000 1000
2 1.584 558000 0
2 1.584 591000 1000
2 1.5848 559000 0
2 1.5848 592000 1000
2 1.5856 560000 0
2 1.5856 593000 1000
2 1.5864 561000 0
2 1.5864 594000 1000
2 1.5872 562000 0
2 1.5872 595000 1000
2 1.588 563000 0
2 1.588 596000 1000
2 1.5888 564000 0
2 1.5888 597000 1000
2 1.5896 565000 0
2 1.5896 598000 1000
2 1.5904 566000 0
2 1.5904 599000 1000
2 1.5912 567000 0
2 1.5912 600000 1000
2 1.592 568000 0
2 1.592 601000 1000
2 1.5928 569000 0
2 1.5928 602000 1000
2 1.5936 570000 0
2 1.5936 603000 1000
2 1.5944 571000 0
2 1.5944 604000 1000
2 1.5952 572000 0
2 1.5952 605000 1000
2 1.596 573000 0
2 1.596 606000 1000
2 1.5968 574000 0
2 1.5968 607000 1000
2 1.5976 575000 0
2 1.5976 608000 1000
2 1.5984 576000 0
2 1.5984 609000 1000
2 1.5992 577000 0
2 1.5992 610000 1000
2 1.6 578000 0
2 1.6 611000 1000
2 1.6008 579000 0
2 1.6008 612000 1000
2 1.6016 580000 0
2 1.6016 613000 1000
2 1.6024 581000 0
2 1.6024 614000 1000
2 1.6032 582000 0
2 1.6032 615000 1000
2 1.604 583000 0
2 1.604 616000 1000
2 1.6048 584000 0
2 1.6048 617000 1000
2 1.6048 618000 1000
2 1.6056 585000 0
2 1.6056 619000 1000
2 1.6064 586000 0
2 1.6064 620000 1000
2 1.6072 587000 0
2 1.6072 621000 1000
2 1.608 588000 0
2 1.608 622000 1000
2 1.6088 589000 0
2 1.6088 623000 1000
2 1.6096 590000 0
2 1.6096 624000 1000
1 1.6104 522000 0
1 1.6104 554000 1000
1 1.6112 523000 0
1 1.6112 555000 1000
1 1.612 524000 0
1 1.612 556000 1000
1 1.6128 525000 0
1 1.6128 557000 1000
1 1.6136 526000 0
1 1.6136 558000 1000
1 1.6144 527000 0
1 1.6144 559000 1000
1 1.6152 528000 0
1 1.6152 560000 1000
1 1.616 529000 0
1 1.616 561000 1000
1 1.6168 530000 0
1 1.6168 562000 1000
1 1.6176 531000 0
1 1.6176 563000 1000
1 1.6184 532000 0
1 1.6184 564000 1000
1 1.6192 533000 0
1 1.6192 565000 1000
1 1.62 534000 0
1 1.62 566000 1000
1 1.6208 535000 0
1 1.6208 567000 1000
1 1.6216 536000 0
1 1.6216 568000 1000
1 1.6224 537000 0
1 1.6224 569000 1000
1 1.6232 538000 0
1 1.6232 570000 1000
1 1.624 539000 0
1 1.624 571000 1000
1 1.6248 540000 0
1 1.6248 572000 1000
1 1.6256 541000 0
1 1.6256 573000 1000
1 1.6264 542000 0
1 1.6264 574000 1000
1 1.6272 543000 0
1 1.6272 575000 1000
1 1.6272 576000 1000
1 1.628 544000 0
1 1.628 577000 1000
1 1.6288 545000 0
1 1.6288 578000 1000
1 1.6296 546000 0
1 1.6296 579000 1000
1 1.6304 547000 0
1 1.6304 580000 1000
1 1.6312 548000 0
1 1.6312 581000 1000
1 1.632 549000 0
1 1.632 582000 1000
1 1.6328 550000 0
1 1.6328 583000 1000
1 1.6336 551000 0
1 1.6336 584000 1000
1 1.6344 552000 0
1 1.6344 585000 1000
1 1.6352 553000 0
1 1.6352 586000 1000
2 1.636 591000 0
2 1.636 625000 1000
2 1.6368 592000 0
2 1.6368 626000 1000
2 1.6376 593000 0
2 1.6376 627000 1000
2 1.6384 594000 0
2 1.6384 628000 1000
2 1.6392 595000 0
2 1.6392 629000 1000
2 1.64 596000 0
2 1.64 630000 1000
2 1.6408 597000 0
2 1.6408 631000 1000
2 1.6416 598000 0
2 1.6416 632000 1000
2 1.6424 599000 0
2 1.6424 633000 1000
2 1.6432 600000 0
2 1.6432 634000 1000
2 1.644 601000 0
2 1.644 635000 1000
2 1.6448 602000 0
2 1.6448 636000 1000
2 1.6456 603000 0
2 1.6456 637000 1000
2 1.6464 604000 0
2 1.6464 638000 1000
2 1.6472 605000 0
2 1.6472 639000 1000
2 1.648 606000 0
2 1.648 640000 1000
2 1.6488 607000 0
2 1.6488 641000 1000
2 1.6496 608000 0
2 1.6496 642000 1000
2 1.6504 609000 0
2 1.6504 643000 1000
2 1.6512 610000 0
2 1.6512 644000 1000
2 1.652 611000 0
2 1.652 645000 1000
2 1.6528 612000 0
2 1.6528 646000 1000
2 1.6536 613000 0
2 1.6536 647000 1000
2 1.6544 614000 0
2 1.6544 648000 1000
2 1.6552 615000 0
2 1.6552 649000 1000
2 1.656 616000 0
2 1.656 650000 1000
2 1.6568 617000 0
2 1.6568 651000 1000
2 1.6576 618000 0
2 1.6576 652000 1000
2 1.6576 653000 1000
2 1.6584 619000 0
2 1.6584 654000 1000
2 1.6592 620000 0
2 1.6592 655000 1000
2 1.66 621000 0
2 1.66 656000 1000
2 1.6608 622000 0
2 1.6608 657000 1000
2 1.6616 623000 0
2 1.6616 658000 1000
2 1.6624 624000 0
2 1.6624 659000 1000
1 1.6632 554000 0
1 1.6632 587000 1000
1 1.664 555000 0
1 1.664 588000 1000
1 1.6648 556000 0
1 1.6648 589000 1000
1 1.6656 557000 0
1 1.6656 590000 1000
1 1.6664 558000 0
1 1.6664 591000 1000
1 1.6672 559000 0
1 1.6672 592000 1000
1 1.668 560000 0
1 1.668 593000 1000
1 1.6688 561000 0
1 1.6688 594000 1000
1 1.6696 562000 0
1 1.6696 595000 1000
1 1.6704 563000 0
1 1.6704 596000 1000
1 1.6712 564000 0
1 1.6712 597000 1000
1 1.672 565000 0
1 1.672 598000 1000
1 1.6728 566000 0
1 1.6728 599000 1000
1 1.6736 567000 0
1 1.6736 600000 1000
1 1.6744 568000 0
1 1.6744 601000 1000
1 1.6752 569000 0
1 1.6752 602000 1000
1 1.676 570000 0
1 1.676 603000 1000
1 1.6768 571000 0
1 1.6768 604000 1000
1 1.6776 572000 0
1 1.6776 605000 1000
1 1.6784 573000 0
1 1.6784 606000 1000
1 1.6792 574000 0
1 1.6792 607000 1000
1 1.68 575000 0
1 1.68 608000 1000
1 1.6808 576000 0
1 1.6808 609000 1000
1 1.6808 610000 1000
1 1.6816 577000 0
1 1.6816 611000 1000
1 1.6824 578000 0
1 1.6824 612000 1000
1 1.6832 579000 0
1 1.6832 613000 1000
1 1.684 580000 0
1 1.684 614000 1000
1 1.6848 581000 0
1 1.6848 615000 1000
1 1.6856 582000 0
1 1.6856 616000 1000
1 1.6864 583000 0
1 1.6864 617000 1000
1 1.6872 584000 0
1 1.6872 618000 1000
1 1.688 585000 0
1 1.688 619000 1000
1 1.6888 586000 0
1 1.6888 620000 1000
2 1.6896 625000 0
2 1.6896 660000 1000
2 1.6904 626000 0
2 1.6904 661000 1000
2 1.6912 627000 0
2 1.6912 662000 1000
2 1.692 628000 0
2 1.692 663000 1000
2 1.6928 629000 0
2 1.6928 664000 1000
2 1.6936 630000 0
2 1.6936 665000 1000
2 1.6944 631000 0
2 1.6944 666000 1000
2 1.6952 632000 0
2 1.6952 667000 1000
2 1.696 633000 0
2 1.696 668000 1000
2 1.6968 634000 0
2 1.6968 669000 1000
2 1.6976 635000 0
2 1.6976 670000 1000
2 1.6984 636000 0
2 1.6984 671000 1000
2 1.6992 637000 0
2 1.6992 672000 1000
2 1.7 638000 0
2 1.7 673000 1000
2 1.7008 639000 0
2 1.7008 674000 1000
2 1.7016 640000 0
2 1.7016 675000 1000
2 1.7024 641000 0
2 1.7024 676000 1000
2 1.7032 642000 0
2 1.7032 677000 1000
2 1.704 643000 0
2 1.704 678000 1000
2 1.7048 644000 0
2 1.7048 679000 1000
2 1.7056 645000 0
2 1.7056 680000 1000
2 1.7064 646000 0
2 1.7064 681000 1000
2 1.7072 647000 0
2 1.7072 682000 1000
2 1.708 648000 0
2 1.708 683000 1000
2 1.7088 649000 0
2 1.7088 684000 1000
2 1.7096 650000 0
2 1.7096 685000 1000
2 1.7104 651000 0
2 1.7104 686000 1000
2 1.7112 652000 0
2 1.7112 687000 1000
2 1.712 653000 0
2 1.712 688000 1000
2 1.712 689000 1000
2 1.7128 654000 0
2 1.7128 690000 1000
2 1.7136 655000 0
2 1.7136 691000 1000
2 1.7144 656000 0
2 1.7144 692000 1000
2 1.7152 657000 0
2 1.7152 693000 1000
2 1.716 658000 0
2 1.716 694000 1000
2 1.7168 659000 0
2 1.7168 695000 1000
1 1.7176 587000 0
1 1.7176 621000 1000
1 1.7184 588000 0
1 1.7184 622000 1000
1 1.7192 589000 0
1 1.7192 623000 1000
1 1.72 590000 0
1 1.72 624000 1000
1 1.7208 591000 0
1 1.7208 625000 1000
1 1.7216 592000 0
1 1.7216 626000 1000
1 1.7224 593000 0
1 1.7224 627000 1000
1 1.7232 594000 0
1 1.7232 628000 1000
1 1.724 595000 0
1 1.724 629000 1000
1 1.7248 596000 0
1 1.7248 630000 1000
1 1.7256 597000 0
1 1.7256 631000 1000
1 1.7264 598000 0
1 1.7264 632000 1000
1 1.7272 599000 0
1 1.7272 633000 1000
1 1.728 600000 0
1 1.728 634000 1000
1 1.7288 601000 0
1 1.7288 635000 1000
1 1.7296 602000 0
1 1.7296 636000 1000
1 1.7304 603000 0
1 1.7304 637000 1000
1 1.7312 604000 0
1 1.7312 638000 1000
1 1.732 605000 0
1 1.732 639000 1000
1 1.7328 606000 0
1 1.7328 640000 1000
1 1.7336 607000 0
1 1.7336 641000 1000
1 1.7344 608000 0
1 1.7344 642000 1000
1 1.7352 609000 0
1 1.7352 643000 1000
1 1.736 610000 0
1 1.736 644000 1000
1 1.736 645000 1000
1 1.7368 611000 0
1 1.7368 646000 1000
1 1.7376 612000 0
1 1.7376 647000 1000
1 1.7384 613000 0
1 1.7384 648000 1000
1 1.7392 614000 0
1 1.7392 649000 1000
1 1.74 615000 0
1 1.74 650000 1000
1 1.7408 616000 0
1 1.7408 651000 1000
1 1.7416 617000 0
1 1.7416 652000 1000
1 1.7424 618000 0
1 1.7424 653000 1000
1 1.7432 619000 0
1 1.7432 654000 1000
1 1.744 620000 0
1 1.744 655000 1000
2 1.7448 660000 0
2 1.7448 696000 1000
2 1.7456 661000 0
2 1.7456 697000 1000
2 1.7464 662000 0
2 1.7464 698000 1000
2 1.7472 663000 0
2 1.7472 699000 1000
2 1.748 664000 0
2 1.748 700000 1000
2 1.7488 665000 0
2 1.7488 701000 1000
2 1.7496 666000 0
2 1.7496 702000 1000
2 1.7504 667000 0
2 1.7504 703000 1000
2 1.7512 668000 0
2 1.7512 704000 1000
2 1.752 669000 0
2 1.752 705000 1000
2 1.7528 670000 0
2 1.7528 706000 1000
2 1.7536 671000 0
2 1.7536 707000 1000
2 1.7544 672000 0
2 1.7544 708000 1000
2 1.7552 673000 0
2 1.7552 709000 1000
2 1.756 674000 0
2 1.756 710000 1000
2 1.7568 675000 0
2 1.7568 711000 1000
2 1.7576 676000 0
2 1.7576 712000 1000
2 1.7584 677000 0
2 1.7584 713000 1000
2 1.7592 678000 0
2 1.7592 714000 1000
2 1.76 679000 0
2 1.76 715000 1000
2 1.7608 680000 0
2 1.7608 716000 1000
2 1.7616 681000 0
2 1.7616 717000 1000
2 1.7624 682000 0
2 1.7624 718000 1000
2 1.7632 683000 0
2 1.7632 719000 1000
2 1.764 684000 0
2 1.764 720000 1000
2 1.7648 685000 0
2 1.7648 721000 1000
2 1.7656 686000 0
2 1.7656 722000 1000
2 1.7664 687000 0
2 1.7664 723000 1000
2 1.7672 688000 0
2 1.7672 724000 1000
2 1.768 689000 0
2 1.768 725000 1000
2 1.768 726000 1000
2 1.7688 690000 0
2 1.7688 727000 1000
2 1.7696 691000 0
2 1.7696 728000 1000
2 1.7704 692000 0
2 1.7704 729000 1000
2 1.7712 693000 0
2 1.7712 730000 1000
2 1.772 694000 0
2 1.772 731000 1000
2 1.7728 695000 0
2 1.7728 732000 1000
1 1.7736 621000 0
1 1.7736 656000 1000
1 1.7744 622000 0
1 1.7744 657000 1000
1 1.7752 623000 0
1 1.7752 658000 1000
1 1.776 624000 0
1 1.776 659000 1000
1 1.7768 625000 0
1 1.7768 660000 1000
1 1.7776 626000 0
1 1.7776 661000 1000
1 1.7784 627000 0
1 1.7784 662000 1000
1 1.7792 628000 0
1 1.7792 663000 1000
1 1.78 629000 0
1 1.78 664000 1000
1 1.7808 630000 0
1 1.7808 665000 1000
1 1.7816 631000 0
1 1.7816 666000 1000
1 1.7824 632000 0
1 1.7824 667000 1000
1 1.7832 633000 0
1 1.7832 668000 1000
1 1.784 634000 0
1 1.784 669000 1000
1 1.7848 635000 0
1 1.7848 670000 1000
1 1.7856 636000 0
1 1.7856 671000 1000
1 1.7864 637000 0
1 1.7864 672000 1000
1 1.7872 638000 0
1 1.7872 673000 1000
1 1.788 639000 0
1 1.788 674000 1000
1 1.7888 640000 0
1 1.7888 675000 1000
1 1.7896 641000 0
1 1.7896 676000 1000
1 1.7904 642000 0
1 1.7904 677000 1000
1 1.7912 643000 0
1 1.7912 678000 1000
1 1.792 644000 0
1 1.792 679000 1000
1 1.7928 645000 0
1 1.7928 680000 1000
1 1.7928 681000 1000
1 1.7936 646000 0
1 1.7936 682000 1000
1 1.7944 647000 0
1 1.7944 683000 1000
1 1.7952 648000 0
1 1.7952 684000 1000
1 1.796 649000 0
1 1.796 685000 1000
1 1.7968 650000 0
1 1.7968 686000 1000
1 1.7976 651000 0
1 1.7976 687000 1000
1 1.7984 652000 0
1 1.7984 688000 1000
1 1.7992 653000 0
1 1.7992 689000 1000
1 1.8 654000 0
1 1.8 690000 1000
1 1.8008 655000 0
1 1.8008 691000 1000
2 1.8016 696000 0
2 1.8016 733000 1000
2 1.8024 697000 0
2 1.8024 734000 1000
2 1.8032 698000 0
2 1.8032 735000 1000
2 1.804 699000 0
2 1.804 736000 1000
2 1.8048 700000 0
2 1.8048 737000 1000
2 1.8056 701000 0
2 1.8056 738000 1000
2 1.8064 702000 0
2 1.8064 739000 1000
2 1.8072 703000 0
2 1.8072 740000 1000
2 1.808 704000 0
2 1.808 741000 1000
2 1.8088 705000 0
2 1.8088 742000 1000
2 1.8096 706000 0
2 1.8096 743000 1000
2 1.8104 707000 0
2 1.8104 744000 1000
2 1.8112 708000 0
2 1.8112 745000 1000
2 1.812 709000 0
2 1.812 746000 1000
2 1.8128 710000 0
2 1.8128 747000 1000
2 1.8136 711000 0
2 1.8136 748000 1000
2 1.8144 712000 0
2 1.8144 749000 1000
2 1.8152 713000 0
2 1.8152 750000 1000
2 1.816 714000 0
2 1.816 751000 1000
2 1.8168 715000 0
2 1.8168 752000 1000
2 1.8176 716000 0
2 1.8176 753000 1000
2 1.8184 717000 0
2 1.8184 754000 1000
2 1.8192 718000 0
2 1.8192 755000 1000
2 1.82 719000 0
2 1.82 756000 1000
2 1.8208 720000 0
2 1.8208 757000 1000
2 1.8216 721000 0
2 1.8216 758000 1000
2 1.8224 722000 0
2 1.8224 759000 1000
2 1.8232 723000 0
2 1.8232 760000 1000
2 1.824 724000 0
2 1.824 761000 1000
2 1.8248 725000 0
2 1.8248 762000 1000
2 1.8256 726000 0
2 1.8256 763000 1000
2 1.8256 764000 1000
2 1.8264 727000 0
2 1.8264 765000 1000
2 1.8272 728000 0
2 1.8272 766000 1000
2 1.828 729000 0
2 1.828 767000 1000
2 1.8288 730000 0
2 1.8288 768000 1000
2 1.8296 731000 0
2 1.8296 769000 1000
2 1.8304 732000 0
2 1.8304 770000 1000
1 1.8312 656000 0
1 1.8312 692000 1000
1 1.832 657000 0
1 1.832 693000 1000
1 1.8328 658000 0
1 1.8328 694000 1000
1 1.8336 659000 0
1 1.8336 695000 1000
1 1.8344 660000 0
1 1.8344 696000 1000
1 1.8352 661000 0
1 1.8352 697000 1000
1 1.836 662000 0
1 1.836 698000 1000
1 1.8368 663000 0
1 1.8368 699000 1000
1 1.8376 664000 0
1 1.8376 700000 1000
1 1.8384 665000 0
1 1.8384 701000 1000
1 1.8392 666000 0
1 1.8392 702000 1000
1 1.84 667000 0
1 1.84 703000 1000
1 1.8408 668000 0
1 1.8408 704000 1000
1 1.8416 669000 0
1 1.8416 705000 1000
1 1.8424 670000 0
1 1.8424 706000 1000
1 1.8432 671000 0
1 1.8432 707000 1000
1 1.844 672000 0
1 1.844 708000 1000
1 1.8448 673000 0
1 1.8448 709000 1000
1 1.8456 674000 0
1 1.8456 710000 1000
1 1.8464 675000 0
1 1.8464 711000 1000
1 1.8472 676000 0
1 1.8472 712000 1000
1 1.848 677000 0
1 1.848 713000 1000
1 1.8488 678000 0
1 1.8488 714000 1000
1 1.8496 679000 0
1 1.8496 715000 1000
1 1.8504 680000 0
1 1.8504 716000 1000
1 1.8512 681000 0
1 1.8512 717000 1000
1 1.8512 718000 1000
1 1.852 682000 0
1 1.852 719000 1000
1 1.8528 683000 0
1 1.8528 720000 1000
1 1.8536 684000 0
1 1.8536 721000 1000
1 1.8544 685000 0
1 1.8544 722000 1000
1 1.8552 686000 0
1 1.8552 723000 1000
1 1.856 687000 0
1 1.856 724000 1000
1 1.8568 688000 0
1 1.8568 725000 1000
1 1.8576 689000 0
1 1.8576 726000 1000
1 1.8584 690000 0
1 1.8584 727000 1000
1 1.8592 691000 0
1 1.8592 728000 1000
2 1.86 733000 0
2 1.86 771000 1000
2 1.8608 734000 0
2 1.8608 772000 1000
2 1.8616 735000 0
2 1.8616 773000 1000
2 1.8624 736000 0
2 1.8624 774000 1000
2 1.8632 737000 0
2 1.8632 775000 1000
2 1.864 738000 0
2 1.864 776000 1000
2 1.8648 739000 0
2 1.8648 777000 1000
2 1.8656 740000 0
2 1.8656 778000 1000
2 1.8664 741000 0
2 1.8664 779000 1000
2 1.8672 742000 0
2 1.8672 780000 1000
2 1.868 743000 0
2 1.868 781000 1000
2 1.8688 744000 0
2 1.8688 782000 1000
2 1.8696 745000 0
2 1.8696 783000 1000
2 1.8704 746000 0
2 1.8704 784000 1000
2 1.8712 747000 0
2 1.8712 785000 1000
2 1.872 748000 0
2 1.872 786000 1000
2 1.8728 749000 0
2 1.8728 787000 1000
2 1.8736 750000 0
2 1.8736 788000 1000
2 1.8744 751000 0
2 1.8744 789000 1000
2 1.8752 752000 0
2 1.8752 790000 1000
2 1.876 753000 0
2 1.876 791000 1000
2 1.8768 754000 0
2 1.8768 792000 1000
2 1.8776 755000 0
2 1.8776 793000 1000
2 1.8784 756000 0
2 1.8784 794000 1000
2 1.8792 757000 0
2 1.8792 795000 1000
2 1.88 758000 0
2 1.88 796000 1000
2 1.8808 759000 0
2 1.8808 797000 1000
2 1.8816 760000 0
2 1.8816 798000 1000
2 1.8824 761000 0
2 1.8824 799000 1000
2 1.8832 762000 0
2 1.8832 800000 1000
2 1.884 763000 0
2 1.884 801000 1000
2 1.8848 764000 0
2 1.8848 802000 1000
2 1.8848 803000 1000
2 1.8856 765000 0
2 1.8856 804000 1000
2 1.8864 766000 0
2 1.8864 805000 1000
2 1.8872 767000 0
2 1.8872 806000 1000
2 1.888 768000 0
2 1.888 807000 1000
2 1.8888 769000 0
2 1.8888 808000 1000
2 1.8896 770000 0
2 1.8896 809000 1000
1 1.8904 692000 0
1 1.8904 729000 1000
1 1.8912 693000 0
1 1.8912 730000 1000
1 1.892 694000 0
1 1.892 731000 1000
1 1.8928 695000 0
1 1.8928 732000 1000
1 1.8936 696000 0
1 1.8936 733000 1000
1 1.8944 697000 0
1 1.8944 734000 1000
1 1.8952 698000 0
1 1.8952 735000 1000
1 1.896 699000 0
1 1.896 736000 1000
1 1.8968 700000 0
1 1.8968 737000 1000
1 1.8976 701000 0
1 1.8976 738000 1000
1 1.8984 702000 0
1 1.8984 739000 1000
1 1.8992 703000 0
1 1.8992 740000 1000
1 1.9 704000 0
1 1.9 741000 1000
1 1.9008 705000 0
1 1.9008 742000 1000
1 1.9016 706000 0
1 1.9016 743000 1000
1 1.9024 707000 0
1 1.9024 744000 1000
1 1.9032 708000 0
1 1.9032 745000 1000
1 1.904 709000 0
1 1.904 746000 1000
1 1.9048 710000 0
1 1.9048 747000 1000
1 1.9056 711000 0
1 1.9056 748000 1000
1 1.9064 712000 0
1 1.9064 749000 1000
1 1.9072 713000 0
1 1.9072 750000 1000
1 1.908 714000 0
1 1.908 751000 1000
1 1.9088 715000 0
1 1.9088 752000 1000
1 1.9096 716000 0
1 1.9096 753000 1000
1 1.9104 717000 0
1 1.9104 754000 1000
1 1.9112 718000 0
1 1.9112 755000 1000
1 1.9112 756000 1000
1 1.912 719000 0
1 1.912 757000 1000
1 1.9128 720000 0
1 1.9128 758000 1000
1 1.9136 721000 0
1 1.9136 759000 1000
1 1.9144 722000 0
1 1.9144 760000 1000
1 1.9152 723000 0
1 1.9152 761000 1000
1 1.916 724000 0
1 1.916 762000 1000
1 1.9168 725000 0
1 1.9168 763000 1000
1 1.9176 726000 0
1 1.9176 764000 1000
1 1.9184 727000 0
1 1.9184 765000 1000
1 1.9192 728000 0
1 1.9192 766000 1000
2 1.92 771000 0
2 1.92 810000 1000
2 1.9208 772000 0
2 1.9208 811000 1000
2 1.9216 773000 0
2 1.9216 812000 1000
2 1.9224 774000 0
2 1.9224 813000 1000
2 1.9232 775000 0
2 1.9232 814000 1000
2 1.924 776000 0
2 1.924 815000 1000
2 1.9248 777000 0
2 1.9248 816000 1000
2 1.9256 778000 0
2 1.9256 817000 1000
2 1.9264 779000 0
2 1.9264 818000 1000
2 1.9272 780000 0
2 1.9272 819000 1000
2 1.928 781000 0
2 1.928 820000 1000
2 1.9288 782000 0
2 1.9288 821000 1000
2 1.9296 783000 0
2 1.9296 822000 1000
2 1.9304 784000 0
2 1.9304 823000 1000
2 1.9312 785000 0
2 1.9312 824000 1000
2 1.932 786000 0
2 1.932 825000 1000
2 1.9328 787000 0
2 1.9328 826000 1000
2 1.9336 788000 0
2 1.9336 827000 1000
2 1.9344 789000 0
2 1.9344 828000 1000
2 1.9352 790000 0
2 1.9352 829000 1000
2 1.936 791000 0
2 1.936 830000 1000
2 1.9368 792000 0
2 1.9368 831000 1000
2 1.9376 793000 0
2 1.9376 832000 1000
2 1.9384 794000 0
2 1.9384 833000 1000
2 1.9392 795000 0
2 1.9392 834000 1000
2 1.94 796000 0
2 1.94 835000 1000
2 1.9408 797000 0
2 1.9408 836000 1000
2 1.9416 798000 0
2 1.9416 837000 1000
2 1.9424 799000 0
2 1.9424 838000 1000
2 1.9432 800000 0
2 1.9432 839000 1000
2 1.944 801000 0
2 1.944 840000 1000
2 1.9448 802000 0
2 1.9448 841000 1000
2 1.9456 803000 0
2 1.9456 842000 1000
2 1.9456 843000 1000
2 1.9464 804000 0
2 1.9464 844000 1000
2 1.9472 805000 0
2 1.9472 845000 1000
2 1.948 806000 0
2 1.948 846000 1000
2 1.9488 807000 0
2 1.9488 847000 1000
2 1.9496 808000 0
2 1.9496 848000 1000
2 1.9504 809000 0
2 1.9504 849000 1000
1 1.9512 729000 0
1 1.9512 767000 1000
1 1.952 730000 0
1 1.952 768000 1000
1 1.9528 731000 0
1 1.9528 769000 1000
1 1.9536 732000 0
1 1.9536 770000 1000
1 1.9544 733000 0
1 1.9544 771000 1000
1 1.9552 734000 0
1 1.9552 772000 1000
1 1.956 735000 0
1 1.956 773000 1000
1 1.9568 736000 0
1 1.9568 774000 1000
1 1.9576 737000 0
1 1.9576 775000 1000
1 1.9584 738000 0
1 1.9584 776000 1000
1 1.9592 739000 0
1 1.9592 777000 1000
1 1.96 740000 0
1 1.96 778000 1000
1 1.9608 741000 0
1 1.9608 779000 1000
1 1.9616 742000 0
1 1.9616 780000 1000
1 1.9624 743000 0
1 1.9624 781000 1000
1 1.9632 744000 0
1 1.9632 782000 1000
1 1.964 745000 0
1 1.964 783000 1000
1 1.9648 746000 0
1 1.9648 784000 1000
1 1.9656 747000 0
1 1.9656 785000 1000
1 1.9664 748000 0
1 1.9664 786000 1000
1 1.9672 749000 0
1 1.9672 787000 1000
1 1.968 750000 0
1 1.968 788000 1000
1 1.9688 751000 0
1 1.9688 789000 1000
1 1.9696 752000 0
1 1.9696 790000 1000
1 1.9704 753000 0
1 1.9704 791000 1000
1 1.9712 754000 0
1 1.9712 792000 1000
1 1.972 755000 0
1 1.972 793000 1000
1 1.9728 756000 0
1 1.9728 794000 1000
1 1.9728 795000 1000
1 1.9736 757000 0
1 1.9736 796000 1000
1 1.9744 758000 0
1 1.9744 797000 1000
1 1.9752 759000 0
1 1.9752 798000 1000
1 1.976 760000 0
1 1.976 799000 1000
1 1.9768 761000 0
1 1.9768 800000 1000
1 1.9776 762000 0
1 1.9776 801000 1000
1 1.9784 763000 0
1 1.9784 802000 1000
1 1.9792 764000 0
1 1.9792 803000 1000
1 1.98 765000 0
1 1.98 804000 1000
1 1.9808 766000 0
1 1.9808 805000 1000
2 1.9816 810000 0
2 1.9816 850000 1000
2 1.9824 811000 0
2 1.9824 851000 1000
2 1.9832 812000 0
2 1.9832 852000 1000
2 1.984 813000 0
2 1.984 853000 1000
2 1.9848 814000 0
2 1.9848 854000 1000
2 1.9856 815000 0
2 1.9856 855000 1000
2 1.9864 816000 0
2 1.9864 856000 1000
2 1.9872 817000 0
2 1.9872 857000 1000
2 1.988 818000 0
2 1.988 858000 1000
2 1.9888 819000 0
2 1.9888 859000 1000
2 1.9896 820000 0
2 1.9896 860000 1000
2 1.9904 821000 0
2 1.9904 861000 1000
2 1.9912 822000 0
2 1.9912 862000 1000
2 1.992 823000 0
2 1.992 863000 1000
2 1.9928 824000 0
2 1.9928 864000 1000
2 1.9936 825000 0
2 1.9936 865000 1000
2 1.9944 826000 0
2 1.9944 866000 1000
2 1.9952 827000 0
2 1.9952 867000 1000
2 1.996 828000 0
2 1.996 868000 1000
2 1.9968 829000 0
2 1.9968 869000 1000
2 1.9976 830000 0
2 1.9976 870000 1000
2 1.9984 831000 0
2 1.9984 871000 1000
2 1.9992 832000 0
2 1.9992 872000 1000
2 2.0 833000 0
2 2.0 873000 1000
2 2.0008 834000 0
2 2.0008 874000 1000
2 2.0016 835000 0
2 2.0016 875000 1000
2 2.0024 836000 0
2 2.0024 876000 1000
2 2.0032 837000 0
2 2.0032 877000 1000
2 2.004 838000 0
2 2.004 878000 1000
2 2.0048 839000 0
2 2.0048 879000 1000
2 2.0056 840000 0
2 2.0056 880000 1000
2 2.0064 841000 0
2 2.0064 881000 1000
2 2.0072 842000 0
2 2.0072 882000 1000
2 2.008 843000 0
2 2.008 883000 1000
2 2.008 884000 1000
2 2.0088 844000 0
2 2.0088 885000 1000
2 2.0096 845000 0
2 2.0096 886000 1000
2 2.0104 846000 0
2 2.0104 887000 1000
2 2.0112 847000 0
2 2.0112 888000 1000
2 2.012 848000 0
2 2.012 889000 1000
2 2.0128 849000 0
2 2.0128 890000 1000
1 2.0136 767000 0
1 2.0136 806000 1000
1 2.0144 768000 0
1 2.0144 807000 1000
1 2.0152 769000 0
1 2.0152 808000 1000
1 2.016 770000 0
1 2.016 809000 1000
1 2.0168 771000 0
1 2.0168 810000 1000
1 2.0176 772000 0
1 2.0176 811000 1000
1 2.0184 773000 0
1 2.0184 812000 1000
1 2.0192 774000 0
1 2.0192 813000 1000
1 2.02 775000 0
1 2.02 814000 1000
1 2.0208 776000 0
1 2.0208 815000 1000
1 2.0216 777000 0
1 2.0216 816000 1000
1 2.0224 778000 0
1 2.0224 817000 1000
1 2.0232 779000 0
1 2.0232 818000 1000
1 2.024 780000 0
1 2.024 819000 1000
1 2.0248 781000 0
1 2.0248 820000 1000
1 2.0256 782000 0
1 2.0256 821000 1000
1 2.0264 783000 0
1 2.0264 822000 1000
1 2.0272 784000 0
1 2.0272 823000 1000
1 2.028 785000 0
1 2.028 824000 1000
1 2.0288 786000 0
1 2.0288 825000 1000
1 2.0296 787000 0
1 2.0296 826000 1000
1 2.0304 788000 0
1 2.0304 827000 1000
1 2.0312 789000 0
1 2.0312 828000 1000
1 2.032 790000 0
1 2.032 829000 1000
1 2.0328 791000 0
1 2.0328 830000 1000
1 2.0336 792000 0
1 2.0336 831000 1000
1 2.0344 793000 0
1 2.0344 832000 1000
1 2.0352 794000 0
1 2.0352 833000 1000
1 2.036 795000 0
1 2.036 834000 1000
1 2.036 835000 1000
1 2.0368 796000 0
1 2.0368 836000 1000
1 2.0376 797000 0
1 2.0376 837000 1000
1 2.0384 798000 0
1 2.0384 838000 1000
1 2.0392 799000 0
1 2.0392 839000 1000
1 2.04 800000 0
1 2.04 840000 1000
1 2.0408 801000 0
1 2.0408 841000 1000
1 2.0416 802000 0
1 2.0416 842000 1000
1 2.0424 803000 0
1 2.0424 843000 1000
1 2.0432 804000 0
1 2.0432 844000 1000
1 2.044 805000 0
1 2.044 845000 1000
2 2.0448 850000 0
2 2.0448 891000 1000
2 2.0456 851000 0
2 2.0456 892000 1000
2 2.0464 852000 0
2 2.0464 893000 1000
2 2.0472 853000 0
2 2.0472 894000 1000
2 2.048 854000 0
2 2.048 895000 1000
2 2.0488 855000 0
2 2.0488 896000 1000
2 2.0496 856000 0
2 2.0496 897000 1000
2 2.0504 857000 0
2 2.0504 898000 1000
2 2.0512 858000 0
2 2.0512 899000 1000
2 2.052 859000 0
2 2.052 900000 1000
2 2.0528 860000 0
2 2.0528 901000 1000
2 2.0536 861000 0
2 2.0536 902000 1000
2 2.0544 862000 0
2 2.0544 903000 1000
2 2.0552 863000 0
2 2.0552 904000 1000
2 2.056 864000 0
2 2.056 905000 1000
2 2.0568 865000 0
2 2.0568 906000 1000
2 2.0576 866000 0
2 2.0576 907000 1000
2 2.0584 867000 0
2 2.0584 908000 1000
2 2.0592 868000 0
2 2.0592 909000 1000
2 2.06 869000 0
2 2.06 910000 1000
2 2.0608 870000 0
2 2.0608 911000 1000
2 2.0616 871000 0
2 2.0616 912000 1000
2 2.0624 872000 0
2 2.0624 913000 1000
2 2.0632 873000 0
2 2.0632 914000 1000
2 2.064 874000 0
2 2.064 915000 1000
2 2.0648 875000 0
2 2.0648 916000 1000
2 2.0656 876000 0
2 2.0656 917000 1000
2 2.0664 877000 0
2 2.0664 918000 1000
2 2.0672 878000 0
2 2.0672 919000 1000
2 2.068 879000 0
2 2.068 920000 1000
2 2.0688 880000 0
2 2.0688 921000 1000
2 2.0696 881000 0
2 2.0696 922000 1000
2 2.0704 882000 0
2 2.0704 923000 1000
2 2.0712 883000 0
2 2.0712 924000 1000
2 2.072 884000 0
2 2.072 925000 1000
2 2.072 926000 1000
2 2.0728 885000 0
2 2.0728 927000 1000
2 2.0736 886000 0
2 2.0736 928000 1000
2 2.0744 887000 0
2 2.0744 929000 1000
2 2.0752 888000 0
2 2.0752 930000 1000
2 2.076 889000 0
2 2.076 931000 1000
2 2.0768 890000 0
2 2.0768 932000 1000
1 2.0776 806000 0
1 2.0776 846000 1000
1 2.0784 807000 0
1 2.0784 847000 1000
1 2.0792 808000 0
1 2.0792 848000 1000
1 2.08 809000 0
1 2.08 849000 1000
1 2.0808 810000 0
1 2.0808 850000 1000
1 2.0816 811000 0
1 2.0816 851000 1000
1 2.0824 812000 0
1 2.0824 852000 1000
1 2.0832 813000 0
1 2.0832 853000 1000
1 2.084 814000 0
1 2.084 854000 1000
1 2.0848 815000 0
1 2.0848 855000 1000
1 2.0856 816000 0
1 2.0856 856000 1000
1 2.0864 817000 0
1 2.0864 857000 1000
1 2.0872 818000 0
1 2.0872 858000 1000
1 2.088 819000 0
1 2.088 859000 1000
1 2.0888 820000 0
1 2.0888 860000 1000
1 2.0896 821000 0
1 2.0896 861000 1000
1 2.0904 822000 0
1 2.0904 862000 1000
1 2.0912 823000 0
1 2.0912 863000 1000
1 2.092 824000 0
1 2.092 864000 1000
1 2.0928 825000 0
1 2.0928 865000 1000
1 2.0936 826000 0
1 2.0936 866000 1000
1 2.0944 827000 0
1 2.0944 867000 1000
1 2.0952 828000 0
1 2.0952 868000 1000
1 2.096 829000 0
1 2.096 869000 1000
1 2.0968 830000 0
1 2.0968 870000 1000
1 2.0976 831000 0
1 2.0976 871000 1000
1 2.0984 832000 0
1 2.0984 872000 1000
1 2.0992 833000 0
1 2.0992 873000 1000
1 2.1 834000 0
1 2.1 874000 1000
1 2.1008 835000 0
1 2.1008 875000 1000
1 2.1008 876000 1000
1 2.1016 836000 0
1 2.1016 877000 1000
1 2.1024 837000 0
1 2.1024 878000 1000
1 2.1032 838000 0
1 2.1032 879000 1000
1 2.104 839000 0
1 2.104 880000 1000
1 2.1048 840000 0
1 2.1048 881000 1000
1 2.1056 841000 0
1 2.1056 882000 1000
1 2.1064 842000 0
1 2.1064 883000 1000
1 2.1072 843000 0
1 2.1072 884000 1000
1 2.108 844000 0
1 2.108 885000 1000
1 2.1088 845000 0
1 2.1088 886000 1000
2 2.1096 891000 0
2 2.1096 933000 1000
2 2.1104 892000 0
2 2.1104 934000 1000
2 2.1112 893000 0
2 2.1112 935000 1000
2 2.112 894000 0
2 2.112 936000 1000
2 2.1128 895000 0
2 2.1128 937000 1000
2 2.1136 896000 0
2 2.1136 938000 1000
2 2.1144 897000 0
2 2.1144 939000 1000
2 2.1152 898000 0
2 2.1152 940000 1000
2 2.116 899000 0
2 2.116 941000 1000
2 2.1168 900000 0
2 2.1168 942000 1000
2 2.1176 901000 0
2 2.1176 943000 1000
2 2.1184 902000 0
2 2.1184 944000 1000
2 2.1192 903000 0
2 2.1192 945000 1000
2 2.12 904000 0
2 2.12 946000 1000
2 2.1208 905000 0
2 2.1208 947000 1000
2 2.1216 906000 0
2 2.1216 948000 1000
2 2.1224 907000 0
2 2.1224 949000 1000
2 2.1232 908000 0
2 2.1232 950000 1000
2 2.124 909000 0
2 2.124 951000 1000
2 2.1248 910000 0
2 2.1248 952000 1000
2 2.1256 911000 0
2 2.1256 953000 1000
2 2.1264 912000 0
2 2.1264 954000 1000
2 2.1272 913000 0
2 2.1272 955000 1000
2 2.128 914000 0
2 2.128 956000 1000
2 2.1288 915000 0
2 2.1288 957000 1000
2 2.1296 916000 0
2 2.1296 958000 1000
2 2.1304 917000 0
2 2.1304 959000 1000
2 2.1312 918000 0
2 2.1312 960000 1000
2 2.132 919000 0
2 2.132 961000 1000
2 2.1328 920000 0
2 2.1328 962000 1000
2 2.1336 921000 0
2 2.1336 963000 1000
2 2.1344 922000 0
2 2.1344 964000 1000
2 2.1352 923000 0
2 2.1352 965000 1000
2 2.136 924000 0
2 2.136 966000 1000
2 2.1368 925000 0
2 2.1368 967000 1000
2 2.1376 926000 0
2 2.1376 968000 1000
2 2.1376 969000 1000
2 2.1384 927000 0
2 2.1384 970000 1000
2 2.1392 928000 0
2 2.1392 971000 1000
2 2.14 929000 0
2 2.14 972000 1000
2 2.1408 930000 0
2 2.1408 973000 1000
2 2.1416 931000 0
2 2.1416 974000 1000
2 2.1424 932000 0
2 2.1424 975000 1000
1 2.1432 846000 0
1 2.1432 887000 1000
1 2.144 847000 0
1 2.144 888000 1000
1 2.1448 848000 0
1 2.1448 889000 1000
1 2.1456 849000 0
1 2.1456 890000 1000
1 2.1464 850000 0
1 2.1464 891000 1000
1 2.1472 851000 0
1 2.1472 892000 1000
1 2.148 852000 0
1 2.148 893000 1000
1 2.1488 853000 0
1 2.1488 894000 1000
1 2.1496 854000 0
1 2.1496 895000 1000
1 2.1504 855000 0
1 2.1504 896000 1000
1 2.1512 856000 0
1 2.1512 897000 1000
1 2.152 857000 0
1 2.152 898000 1000
1 2.1528 858000 0
1 2.1528 899000 1000
1 2.1536 859000 0
1 2.1536 900000 1000
1 2.1544 860000 0
1 2.1544 901000 1000
1 2.1552 861000 0
1 2.1552 902000 1000
1 2.156 862000 0
1 2.156 903000 1000
1 2.1568 863000 0
1 2.1568 904000 1000
1 2.1576 864000 0
1 2.1576 905000 1000
1 2.1584 865000 0
1 2.1584 906000 1000
1 2.1592 866000 0
1 2.1592 907000 1000
1 2.16 867000 0
1 2.16 908000 1000
1 2.1608 868000 0
1 2.1608 909000 1000
1 2.1616 869000 0
1 2.1616 910000 1000
1 2.1624 870000 0
1 2.1624 911000 1000
1 2.1632 871000 0
1 2.1632 912000 1000
1 2.164 872000 0
1 2.164 913000 1000
1 2.1648 873000 0
1 2.1648 914000 1000
1 2.1656 874000 0
1 2.1656 915000 1000
1 2.1664 875000 0
1 2.1664 916000 1000
1 2.1672 876000 0
1 2.1672 917000 1000
1 2.1672 918000 1000
1 2.168 877000 0
1 2.168 919000 1000
1 2.1688 878000 0
1 2.1688 920000 1000
1 2.1696 879000 0
1 2.1696 921000 1000
1 2.1704 880000 0
1 2.1704 922000 1000
1 2.1712 881000 0
1 2.1712 923000 1000
1 2.172 882000 0
1 2.172 924000 1000
1 2.1728 883000 0
1 2.1728 925000 1000
1 2.1736 884000 0
1 2.1736 926000 1000
1 2.1744 885000 0
1 2.1744 927000 1000
1 2.1752 886000 0
1 2.1752 928000 1000
2 2.176 933000 0
2 2.176 976000 1000
2 2.1768 934000 0
2 2.1768 977000 1000
2 2.1776 935000 0
2 2.1776 978000 1000
2 2.1784 936000 0
2 2.1784 979000 1000
2 2.1792 937000 0
2 2.1792 980000 1000
2 2.18 938000 0
2 2.18 981000 1000
2 2.1808 939000 0
2 2.1808 982000 1000
2 2.1816 940000 0
2 2.1816 983000 1000
2 2.1824 941000 0
2 2.1824 984000 1000
2 2.1832 942000 0
2 2.1832 985000 1000
2 2.184 943000 0
2 2.184 986000 1000
2 2.1848 944000 0
2 2.1848 987000 1000
2 2.1856 945000 0
2 2.1856 988000 1000
2 2.1864 946000 0
2 2.1864 989000 1000
2 2.1872 947000 0
2 2.1872 990000 1000
2 2.188 948000 0
2 2.188 991000 1000
2 2.1888 949000 0
2 2.1888 992000 1000
2 2.1896 950000 0
2 2.1896 993000 1000
2 2.1904 951000 0
2 2.1904 994000 1000
2 2.1912 952000 0
2 2.1912 995000 1000
2 2.192 953000 0
2 2.192 996000 1000
2 2.1928 954000 0
2 2.1928 997000 1000
2 2.1936 955000 0
2 2.1936 998000 1000
2 2.1944 956000 0
2 2.1944 999000 1000
2 2.1952 957000 0
2 2.196 958000 0
2 2.1968 959000 0
2 2.1976 960000 0
2 2.1984 961000 0
2 2.1992 962000 0
2 2.2 963000 0
2 2.2008 964000 0
2 2.2016 965000 0
2 2.2024 966000 0
2 2.2032 967000 0
2 2.204 968000 0
2 2.2048 969000 0
2 2.2056 970000 0
2 2.2064 971000 0
2 2.2072 972000 0
2 2.208 973000 0
2 2.2088 974000 0
2 2.2096 975000 0
1 2.2104 887000 0
1 2.2104 929000 1000
1 2.2112 888000 0
1 2.2112 930000 1000
1 2.212 889000 0
1 2.212 931000 1000
1 2.2128 890000 0
1 2.2128 932000 1000
1 2.2136 891000 0
1 2.2136 933000 1000
1 2.2144 892000 0
1 2.2144 934000 1000
1 2.2152 893000 0
1 2.2152 935000 1000
1 2.216 894000 0
1 2.216 936000 1000
1 2.2168 895000 0
1 2.2168 937000 1000
1 2.2176 896000 0
1 2.2176 938000 1000
1 2.2184 897000 0
1 2.2184 939000 1000
1 2.2192 898000 0
1 2.2192 940000 1000
1 2.22 899000 0
1 2.22 941000 1000
1 2.2208 900000 0
1 2.2208 942000 1000
1 2.2216 901000 0
1 2.2216 943000 1000
1 2.2224 902000 0
1 2.2224 944000 1000
1 2.2232 903000 0
1 2.2232 945000 1000
1 2.224 904000 0
1 2.224 946000 1000
1 2.2248 905000 0
1 2.2248 947000 1000
1 2.2256 906000 0
1 2.2256 948000 1000
1 2.2264 907000 0
1 2.2264 949000 1000
1 2.2272 908000 0
1 2.2272 950000 1000
1 2.228 909000 0
1 2.228 951000 1000
1 2.2288 910000 0
1 2.2288 952000 1000
1 2.2296 911000 0
1 2.2296 953000 1000
1 2.2304 912000 0
1 2.2304 954000 1000
1 2.2312 913000 0
1 2.2312 955000 1000
1 2.232 914000 0
1 2.232 956000 1000
1 2.2328 915000 0
1 2.2328 957000 1000
1 2.2336 916000 0
1 2.2336 958000 1000
1 2.2344 917000 0
1 2.2344 959000 1000
1 2.2352 918000 0
1 2.2352 960000 1000
1 2.2352 961000 1000
1 2.236 919000 0
1 2.236 962000 1000
1 2.2368 920000 0
1 2.2368 963000 1000
1 2.2376 921000 0
1 2.2376 964000 1000
1 2.2384 922000 0
1 2.2384 965000 1000
1 2.2392 923000 0
1 2.2392 966000 1000
1 2.24 924000 0
1 2.24 967000 1000
1 2.2408 925000 0
1 2.2408 968000 1000
1 2.2416 926000 0
1 2.2416 969000 1000
1 2.2424 927000 0
1 2.2424 970000 1000
1 2.2432 928000 0
1 2.2432 971000 1000
2 2.244 976000 0
2 2.2448 977000 0
2 2.2456 978000 0
2 2.2464 979000 0
2 2.2472 980000 0
2 2.248 981000 0
2 2.2488 982000 0
2 2.2496 983000 0
2 2.2504 984000 0
2 2.2512 985000 0
2 2.252 986000 0
2 2.2528 987000 0
2 2.2536 988000 0
2 2.2544 989000 0
2 2.2552 990000 0
2 2.256 991000 0
2 2.2568 992000 0
2 2.2576 993000 0
2 2.2584 994000 0
2 2.2592 995000 0
2 2.26 996000 0
2 2.2608 997000 0
2 2.2616 998000 0
2 2.2624 999000 0
1 2.2632 929000 0
1 2.2632 972000 1000
1 2.264 930000 0
1 2.264 973000 1000
1 2.2648 931000 0
1 2.2648 974000 1000
1 2.2656 932000 0
1 2.2656 975000 1000
1 2.2664 933000 0
1 2.2664 976000 1000
1 2.2672 934000 0
1 2.2672 977000 1000
1 2.268 935000 0
1 2.268 978000 1000
1 2.2688 936000 0
1 2.2688 979000 1000
1 2.2696 937000 0
1 2.2696 980000 1000
1 2.2704 938000 0
1 2.2704 981000 1000
1 2.2712 939000 0
1 2.2712 982000 1000
1 2.272 940000 0
1 2.272 983000 1000
1 2.2728 941000 0
1 2.2728 984000 1000
1 2.2736 942000 0
1 2.2736 985000 1000
1 2.2744 943000 0
1 2.2744 986000 1000
1 2.2752 944000 0
1 2.2752 987000 1000
1 2.276 945000 0
1 2.276 988000 1000
1 2.2768 946000 0
1 2.2768 989000 1000
1 2.2776 947000 0
1 2.2776 990000 1000
1 2.2784 948000 0
1 2.2784 991000 1000
1 2.2792 949000 0
1 2.2792 992000 1000
1 2.28 950000 0
1 2.28 993000 1000
1 2.2808 951000 0
1 2.2808 994000 1000
1 2.2816 952000 0
1 2.2816 995000 1000
1 2.2824 953000 0
1 2.2824 996000 1000
1 2.2832 954000 0
1 2.2832 997000 1000
1 2.284 955000 0
1 2.284 998000 1000
1 2.2848 956000 0
1 2.2848 999000 1000
1 2.2856 957000 0
1 2.2864 958000 0
1 2.2872 959000 0
1 2.288 960000 0
1 2.2888 961000 0
1 2.2896 962000 0
1 2.2904 963000 0
1 2.2912 964000 0
1 2.292 965000 0
1 2.2928 966000 0
1 2.2936 967000 0
1 2.2944 968000 0
1 2.2952 969000 0
1 2.296 970000 0
1 2.2968 971000 0
1 2.2976 972000 0
1 2.2984 973000 0
1 2.2992 974000 0
1 2.3 975000 0
1 2.3008 976000 0
1 2.3016 977000 0
1 2.3024 978000 0
1 2.3032 979000 0
1 2.304 980000 0
1 2.3048 981000 0
1 2.3056 982000 0
1 2.3064 983000 0
1 2.3072 984000 0
1 2.308 985000 0
1 2.3088 986000 0
1 2.3096 987000 0
1 2.3104 988000 0
1 2.3112 989000 0
1 2.312 990000 0
1 2.3128 991000 0
1 2.3136 992000 0
1 2.3144 993000 0
1 2.3152 994000 0
1 2.316 995000 0
1 2.3168 996000 0
1 2.3176 997000 0
1 2.3184 998000 0
1 2.3192 999000 0
