0 1
0.0208 2
0.0416 3
0.0424 4
0.0624 5
0.0632 6
0.064 7
0.0648 8
0.0832 9
0.084 10
0.0848 11
0.0856 12
0.0864 13
0.0872 14
0.088 15
0.0888 16
0.104 17
0.1048 18
0.1056 19
0.1064 20
0.1072 21
0.108 22
0.1088 23
0.1096 24
0.1104 25
0.1112 26
0.112 27
0.1128 28
0.1136 29
0.1144 30
0.1152 31
0.116 32
0.1296 33
0.1304 34
0.1312 35
0.132 36
0.1328 37
0.1336 38
0.1344 39
0.1352 40
0.136 41
0.1368 42
0.1376 43
0.1384 44
0.1392 45
0.14 46
0.1408 47
0.1416 48
0.1424 49
0.1432 50
0.144 51
0.1448 52
0.1456 53
0.1464 54
0.1472 55
0.148 56
0.1488 57
0.1496 58
0.1504 59
0.1512 60
0.152 61
0.1528 62
0.1536 63
0.1544 64
0.1808 65
0.1816 66
0.1824 67
0.1832 68
0.184 69
0.1848 70
0.1856 71
0.1864 72
0.1872 73
0.188 74
0.1888 75
0.1896 76
0.1904 77
0.1912 78
0.192 79
0.1928 80
0.1936 81
0.1944 82
0.1952 83
0.196 84
0.1968 85
0.1976 86
0.1984 87
0.1992 88
0.2 89
0.2008 90
0.2016 91
0.2024 92
0.2032 93
0.204 94
0.2048 95
0.2056 96
0.2064 97
0.2072 98
0.208 99
0.2088 100
0.2096 100
0.2104 100
0.2112 100
0.212 100
0.2128 100
0.2136 100
0.2144 100
0.2152 100
0.216 100
0.2168 100
0.2176 100
0.2184 100
0.2192 100
0.22 100
0.2208 100
0.2216 100
0.2224 100
0.2232 100
0.224 100
0.2248 100
0.2256 100
0.2264 100
0.2272 100
0.228 100
0.2288 100
0.2296 100
0.2304 100
0.2312 100
0.2816 100
0.2824 100
0.2832 100
0.284 100
0.2848 100
0.2856 100
0.2864 100
0.2872 100
0.288 100
0.2888 100
0.2896 100
0.2904 100
0.2912 100
0.292 100
0.2928 100
0.2936 100
0.2944 100
0.2952 100
0.296 100
0.2968 100
0.2976 100
0.2984 100
0.2992 100
0.3 100
0.3008 100
0.3016 100
0.3024 100
0.3032 100
0.304 100
0.3048 100
0.3056 100
0.3064 100
0.3072 100
0.308 100
0.3088 100
0.3096 100
0.3104 100
0.3112 100
0.312 100
0.3128 100
0.3136 100
0.3144 100
0.3152 100
0.316 100
0.3168 100
0.3176 100
0.3184 100
0.3192 100
0.32 100
0.3208 100
0.3216 100
0.3224 100
0.3232 100
0.324 100
0.3248 100
0.3256 100
0.3264 100
0.3272 100
0.328 100
0.3288 100
0.3296 100
0.3304 100
0.3312 100
0.332 100
0.3808 100
0.5808 1
0.6016 2
0.6232 3
0.624 4
0.6456 5
0.6464 6
0.6472 7
0.648 8
0.6696 9
0.6704 10
0.6712 11
0.672 12
0.6728 13
0.6736 14
0.6744 15
0.6752 16
0.6968 17
0.6976 18
0.6984 19
0.6992 20
0.7 21
0.7008 22
0.7016 23
0.7024 24
0.7032 25
0.704 26
0.7048 27
0.7056 28
0.7064 29
0.7072 30
0.708 31
0.7088 32
0.7352 33
0.736 34
0.7368 35
0.7376 36
0.7384 37
0.7392 38
0.74 39
0.7408 40
0.7416 41
0.7424 42
0.7432 43
0.744 44
0.7448 45
0.7456 46
0.7464 47
0.7472 48
0.748 49
0.7488 50
0.7496 50
0.7504 50
0.7512 50
0.752 50
0.7528 50
0.7536 50
0.7544 50
0.7552 50
0.756 50
0.7568 50
0.7576 50
0.7584 50
0.7592 50
0.76 50
0.8008 50
0.8016 50
0.8024 50
0.8032 50
0.804 50
0.8048 50
0.8056 51
0.8064 51
0.8072 51
0.808 51
0.8088 51
0.8096 51
0.8104 51
0.8112 51
0.812 51
0.8128 51
0.8136 51
0.8144 51
0.8152 51
0.816 51
0.8168 51
0.8176 51
0.8184 51
0.8192 51
0.82 51
0.8208 51
0.8216 51
0.8224 51
0.8232 51
0.824 51
0.8248 51
0.8256 51
0.8264 51
0.8272 51
0.828 51
0.8288 51
0.8296 51
0.8304 51
0.8312 51
0.832 51
0.8328 51
0.8336 51
0.8344 51
0.8352 51
0.836 51
0.8368 51
0.8376 51
0.8384 51
0.8392 51
0.84 51
0.8808 51
0.8816 51
0.8824 51
0.8832 51
0.884 51
0.8848 51
0.8856 51
0.8864 51
0.8872 51
0.888 51
0.8888 51
0.8896 51
0.8904 51
0.8912 51
0.892 51
0.8928 51
0.8936 51
0.8944 51
0.8952 51
0.896 51
0.8968 51
0.8976 51
0.8984 51
0.8992 51
0.9 51
0.9008 51
0.9016 51
0.9024 51
0.9032 51
0.904 51
0.9048 51
0.9056 51
0.9064 51
0.9072 51
0.908 51
0.9088 51
0.9096 51
0.9104 51
0.9112 51
0.912 51
0.9128 51
0.9136 51
0.9144 51
0.9152 51
0.916 51
0.9168 51
0.9464 51
0.9472 51
0.948 51
0.9488 51
0.9496 51
0.9504 51
0.9512 51
0.952 51
0.9528 51
0.9536 51
0.9544 51
0.9552 51
0.956 51
0.9568 51
0.9576 51
0.9584 51
0.9592 51
0.96 51
0.9608 51
0.9616 51
0.9624 51
0.9632 51
0.964 51
0.9648 51
0.9656 51
0.9664 51
0.9672 51
0.968 51
0.9688 51
0.9696 51
0.9704 51
0.9712 51
1.1712 1
1.192 2
1.2128 3
1.2136 4
1.2352 5
1.236 6
1.2368 7
1.2376 8
1.2624 9
1.2632 10
1.264 11
1.2648 12
1.2656 13
1.2664 14
1.2672 15
1.268 16
1.2688 17
1.2696 18
1.2912 19
1.292 20
1.2928 21
1.2936 22
1.2944 23
1.2952 24
1.296 25
1.2968 26
1.2976 26
1.2984 26
1.2992 26
1.3 26
1.3008 26
1.3016 26
1.3024 26
1.3032 26
1.304 26
1.3048 26
1.3272 26
1.328 26
1.3288 26
1.3296 26
1.3304 26
1.3312 26
1.332 26
1.3328 26
1.3336 26
1.3344 26
1.3352 26
1.336 26
1.3368 26
1.3376 26
1.3384 26
1.3392 27
1.34 27
1.3408 27
1.3416 27
1.3424 27
1.3432 27
1.344 27
1.3448 27
1.3456 27
1.3464 27
1.3472 27
1.3704 27
1.3712 27
1.372 27
1.3728 27
1.3736 27
1.3744 27
1.3752 27
1.376 27
1.3768 27
1.3776 27
1.3784 27
1.3792 27
1.38 27
1.3808 27
1.3816 27
1.3824 27
1.3832 28
1.384 28
1.3848 28
1.3856 28
1.3864 28
1.3872 28
1.388 28
1.3888 28
1.3896 28
1.3904 28
1.3912 28
1.4152 28
1.416 28
1.4168 28
1.4176 28
1.4184 28
1.4192 28
1.42 28
1.4208 28
1.4216 28
1.4224 28
1.4232 28
1.424 28
1.4248 28
1.4256 28
1.4264 28
1.4272 28
1.428 28
1.4288 29
1.4296 29
1.4304 29
1.4312 29
1.432 29
1.4328 29
1.4336 29
1.4344 29
1.4352 29
1.436 29
1.4368 29
1.4616 29
1.4624 29
1.4632 29
1.464 29
1.4648 29
1.4656 29
1.4664 29
1.4672 29
1.468 29
1.4688 29
1.4696 29
1.4704 29
1.4712 29
1.472 29
1.4728 29
1.4736 29
1.4744 29
1.4752 29
1.476 30
1.4768 30
1.4776 30
1.4784 30
1.4792 30
1.48 30
1.4808 30
1.4816 30
1.4824 30
1.4832 30
1.484 30
1.5096 30
1.5104 30
1.5112 30
1.512 30
1.5128 30
1.5136 30
1.5144 30
1.5152 30
1.516 30
1.5168 30
1.5176 30
1.5184 30
1.5192 30
1.52 30
1.5208 30
1.5216 30
1.5224 30
1.5232 30
1.524 30
1.5248 31
1.5256 31
1.5264 31
1.5272 31
1.528 31
1.5288 31
1.5296 31
1.5304 31
1.5312 31
1.532 31
1.5328 31
1.5592 31
1.56 31
1.5608 31
1.5616 31
1.5624 31
1.5632 31
1.564 31
1.5648 31
1.5656 31
1.5664 31
1.5672 31
1.568 31
1.5688 31
1.5696 31
1.5704 31
1.5712 31
1.572 31
1.5728 31
1.5736 31
1.5744 31
1.5752 32
1.576 32
1.5768 32
1.5776 32
1.5784 32
1.5792 32
1.58 32
1.5808 32
1.5816 32
1.5824 32
1.5832 32
1.6104 32
1.6112 32
1.612 32
1.6128 32
1.6136 32
1.6144 32
1.6152 32
1.616 32
1.6168 32
1.6176 32
1.6184 32
1.6192 32
1.62 32
1.6208 32
1.6216 32
1.6224 32
1.6232 32
1.624 32
1.6248 32
1.6256 32
1.6264 32
1.6272 33
1.628 33
1.6288 33
1.6296 33
1.6304 33
1.6312 33
1.632 33
1.6328 33
1.6336 33
1.6344 33
1.6352 33
1.6632 33
1.664 33
1.6648 33
1.6656 33
1.6664 33
1.6672 33
1.668 33
1.6688 33
1.6696 33
1.6704 33
1.6712 33
1.672 33
1.6728 33
1.6736 33
1.6744 33
1.6752 33
1.676 33
1.6768 33
1.6776 33
1.6784 33
1.6792 33
1.68 33
1.6808 34
1.6816 34
1.6824 34
1.6832 34
1.684 34
1.6848 34
1.6856 34
1.6864 34
1.6872 34
1.688 34
1.6888 34
1.7176 34
1.7184 34
1.7192 34
1.72 34
1.7208 34
1.7216 34
1.7224 34
1.7232 34
1.724 34
1.7248 34
1.7256 34
1.7264 34
1.7272 34
1.728 34
1.7288 34
1.7296 34
1.7304 34
1.7312 34
1.732 34
1.7328 34
1.7336 34
1.7344 34
1.7352 34
1.736 35
1.7368 35
1.7376 35
1.7384 35
1.7392 35
1.74 35
1.7408 35
1.7416 35
1.7424 35
1.7432 35
1.744 35
1.7736 35
1.7744 35
1.7752 35
1.776 35
1.7768 35
1.7776 35
1.7784 35
1.7792 35
1.78 35
1.7808 35
1.7816 35
1.7824 35
1.7832 35
1.784 35
1.7848 35
1.7856 35
1.7864 35
1.7872 35
1.788 35
1.7888 35
1.7896 35
1.7904 35
1.7912 35
1.792 35
1.7928 36
1.7936 36
1.7944 36
1.7952 36
1.796 36
1.7968 36
1.7976 36
1.7984 36
1.7992 36
1.8 36
1.8008 36
1.8312 36
1.832 36
1.8328 36
1.8336 36
1.8344 36
1.8352 36
1.836 36
1.8368 36
1.8376 36
1.8384 36
1.8392 36
1.84 36
1.8408 36
1.8416 36
1.8424 36
1.8432 36
1.844 36
1.8448 36
1.8456 36
1.8464 36
1.8472 36
1.848 36
1.8488 36
1.8496 36
1.8504 36
1.8512 37
1.852 37
1.8528 37
1.8536 37
1.8544 37
1.8552 37
1.856 37
1.8568 37
1.8576 37
1.8584 37
1.8592 37
1.8904 37
1.8912 37
1.892 37
1.8928 37
1.8936 37
1.8944 37
1.8952 37
1.896 37
1.8968 37
1.8976 37
1.8984 37
1.8992 37
1.9 37
1.9008 37
1.9016 37
1.9024 37
1.9032 37
1.904 37
1.9048 37
1.9056 37
1.9064 37
1.9072 37
1.908 37
1.9088 37
1.9096 37
1.9104 37
1.9112 38
1.912 38
1.9128 38
1.9136 38
1.9144 38
1.9152 38
1.916 38
1.9168 38
1.9176 38
1.9184 38
1.9192 38
1.9512 38
1.952 38
1.9528 38
1.9536 38
1.9544 38
1.9552 38
1.956 38
1.9568 38
1.9576 38
1.9584 38
1.9592 38
1.96 38
1.9608 38
1.9616 38
1.9624 38
1.9632 38
1.964 38
1.9648 38
1.9656 38
1.9664 38
1.9672 38
1.968 38
1.9688 38
1.9696 38
1.9704 38
1.9712 38
1.972 38
1.9728 39
1.9736 39
1.9744 39
1.9752 39
1.976 39
1.9768 39
1.9776 39
1.9784 39
1.9792 39
1.98 39
1.9808 39
2.0136 39
2.0144 39
2.0152 39
2.016 39
2.0168 39
2.0176 39
2.0184 39
2.0192 39
2.02 39
2.0208 39
2.0216 39
2.0224 39
2.0232 39
2.024 39
2.0248 39
2.0256 39
2.0264 39
2.0272 39
2.028 39
2.0288 39
2.0296 39
2.0304 39
2.0312 39
2.032 39
2.0328 39
2.0336 39
2.0344 39
2.0352 39
2.036 40
2.0368 40
2.0376 40
2.0384 40
2.0392 40
2.04 40
2.0408 40
2.0416 40
2.0424 40
2.0432 40
2.044 40
2.0776 40
2.0784 40
2.0792 40
2.08 40
2.0808 40
2.0816 40
2.0824 40
2.0832 40
2.084 40
2.0848 40
2.0856 40
2.0864 40
2.0872 40
2.088 40
2.0888 40
2.0896 40
2.0904 40
2.0912 40
2.092 40
2.0928 40
2.0936 40
2.0944 40
2.0952 40
2.096 40
2.0968 40
2.0976 40
2.0984 40
2.0992 40
2.1 40
2.1008 41
2.1016 41
2.1024 41
2.1032 41
2.104 41
2.1048 41
2.1056 41
2.1064 41
2.1072 41
2.108 41
2.1088 41
2.1432 41
2.144 41
2.1448 41
2.1456 41
2.1464 41
2.1472 41
2.148 41
2.1488 41
2.1496 41
2.1504 41
2.1512 41
2.152 41
2.1528 41
2.1536 41
2.1544 41
2.1552 41
2.156 41
2.1568 41
2.1576 41
2.1584 41
2.1592 41
2.16 41
2.1608 41
2.1616 41
2.1624 41
2.1632 41
2.164 41
2.1648 41
2.1656 41
2.1664 41
2.1672 42
2.168 42
2.1688 42
2.1696 42
2.1704 42
2.1712 42
2.172 42
2.1728 42
2.1736 42
2.1744 42
2.1752 42
2.2104 42
2.2112 42
2.212 42
2.2128 42
2.2136 42
2.2144 42
2.2152 42
2.216 42
2.2168 42
2.2176 42
2.2184 42
2.2192 42
2.22 42
2.2208 42
2.2216 42
2.2224 42
2.2232 42
2.224 42
2.2248 42
2.2256 42
2.2264 42
2.2272 42
2.228 42
2.2288 42
2.2296 42
2.2304 42
2.2312 42
2.232 42
2.2328 42
2.2336 42
2.2344 42
2.2352 43
2.236 43
2.2368 43
2.2376 43
2.2384 43
2.2392 43
2.24 43
2.2408 43
2.2416 43
2.2424 43
2.2432 43
2.2632 43
2.264 43
2.2648 43
2.2656 43
2.2664 43
2.2672 43
2.268 43
2.2688 43
2.2696 43
2.2704 43
2.2712 43
2.272 43
2.2728 43
2.2736 43
2.2744 43
2.2752 43
2.276 43
2.2768 43
2.2776 43
2.2784 43
2.2792 43
2.28 43
2.2808 43
2.2816 43
2.2824 43
2.2832 43
2.284 43
2.2848 43
2.2856 43
2.2864 43
2.2872 43
2.288 43
2.2888 44
2.2896 44
2.2904 44
2.2912 44
2.292 44
2.2928 44
2.2936 44
2.2944 44
2.2952 44
2.296 44
2.2968 44
2.2976 44
2.2984 44
2.2992 44
2.3 44
2.3008 44
2.3016 44
2.3024 44
2.3032 44
2.304 44
2.3048 44
2.3056 44
2.3064 44
2.3072 44
2.308 44
2.3088 44
2.3096 44
2.3104 44
2.3112 44
2.312 44
2.3128 44
2.3136 44
2.3144 44
2.3152 44
2.316 44
2.3168 44
2.3176 44
2.3184 44
2.3192 44
