0 1
0.0216 2
0.0432 3
0.044 4
0.0656 5
0.0664 6
0.0672 7
0.068 8
0.0896 9
0.0904 10
0.0912 11
0.092 12
0.0928 13
0.0936 14
0.0944 15
0.0952 16
0.1168 17
0.1176 18
0.1184 19
0.1192 20
0.12 21
0.1208 22
0.1216 23
0.1224 24
0.1232 25
0.124 26
0.1248 27
0.1256 28
0.1264 29
0.1272 30
0.128 31
0.1288 32
0.1552 33
0.156 34
0.1568 35
0.1576 36
0.1584 37
0.1592 38
0.16 39
0.1608 40
0.1616 41
0.1624 42
0.1632 43
0.164 44
0.1648 45
0.1656 46
0.1664 47
0.1672 48
0.168 49
0.1688 50
0.1696 51
0.1704 52
0.1712 53
0.172 54
0.1728 55
0.1736 56
0.1744 57
0.1752 58
0.176 59
0.1768 60
0.1776 61
0.1784 62
0.1792 63
0.18 64
0.232 65
0.2328 66
0.2336 67
0.2344 68
0.2352 69
0.236 70
0.2368 71
0.2376 72
0.2384 73
0.2392 74
0.24 75
0.2408 76
0.2416 77
0.2424 78
0.2432 79
0.244 80
0.2448 81
0.2456 82
0.2464 83
0.2472 84
0.248 85
0.2488 86
0.2496 87
0.2504 88
0.2512 89
0.252 90
0.2528 91
0.2536 92
0.2544 93
0.2552 94
0.256 95
0.2568 96
0.2576 97
0.2584 98
0.2592 99
0.26 100
0.2608 100
0.2616 100
0.2624 100
0.2632 100
0.264 100
0.2648 100
0.2656 100
0.2664 100
0.2672 100
0.268 100
0.2688 100
0.2696 100
0.2704 100
0.2712 100
0.272 100
0.2728 100
0.2736 100
0.2744 100
0.2752 100
0.276 100
0.2768 100
0.2776 100
0.2784 100
0.2792 100
0.28 100
0.2808 100
0.3328 100
0.3336 100
0.3344 100
0.3352 100
0.336 100
0.3368 100
0.3376 100
0.3384 100
0.3392 100
0.34 100
0.3408 100
0.3416 100
0.3424 100
0.3432 100
0.344 100
0.3448 100
0.3456 100
0.3464 100
0.3472 100
0.348 100
0.3488 100
0.3496 100
0.3504 100
0.3512 100
0.352 100
0.3528 100
0.3536 100
0.3544 100
0.3552 100
0.356 100
0.3568 100
0.3576 100
0.3584 100
0.3592 100
0.36 100
0.3608 100
0.3616 100
0.3624 100
0.3632 100
0.364 100
0.3648 100
0.3656 100
0.3664 100
0.3672 100
0.368 100
0.3688 100
0.3696 100
0.3704 100
0.3712 100
0.372 100
0.3728 100
0.3736 100
0.3744 100
0.3752 100
0.376 100
0.3768 100
0.3776 100
0.3784 100
0.3792 100
0.38 100
0.58 1
0.6008 2
0.6216 3
0.6224 4
0.6424 5
0.6432 6
0.644 7
0.6448 8
0.6632 9
0.664 10
0.6648 11
0.6656 12
0.6664 13
0.6672 14
0.668 15
0.6688 16
0.684 17
0.6848 18
0.6856 19
0.6864 20
0.6872 21
0.688 22
0.6888 23
0.6896 24
0.6904 25
0.6912 26
0.692 27
0.6928 28
0.6936 29
0.6944 30
0.6952 31
0.696 32
0.7096 33
0.7104 34
0.7112 35
0.712 36
0.7128 37
0.7136 38
0.7144 39
0.7152 40
0.716 41
0.7168 42
0.7176 43
0.7184 44
0.7192 45
0.72 46
0.7208 47
0.7216 48
0.7224 49
0.7232 50
0.724 50
0.7248 50
0.7256 50
0.7264 50
0.7272 50
0.728 50
0.7288 50
0.7296 50
0.7304 50
0.7312 50
0.732 50
0.7328 50
0.7336 50
0.7344 50
0.7608 50
0.7616 50
0.7624 50
0.7632 50
0.764 50
0.7648 50
0.7656 50
0.7664 50
0.7672 50
0.768 50
0.7688 51
0.7696 51
0.7704 51
0.7712 51
0.772 51
0.7728 51
0.7736 51
0.7744 51
0.7752 51
0.776 51
0.7768 51
0.7776 51
0.7784 51
0.7792 51
0.78 51
0.7808 51
0.7816 51
0.7824 51
0.7832 51
0.784 51
0.7848 51
0.7856 51
0.7864 51
0.7872 51
0.788 51
0.7888 51
0.7896 51
0.7904 51
0.7912 51
0.792 51
0.7928 51
0.7936 51
0.7944 51
0.7952 51
0.796 51
0.7968 51
0.7976 51
0.7984 51
0.7992 51
0.8 51
0.8408 51
0.8416 51
0.8424 51
0.8432 51
0.844 51
0.8448 51
0.8456 51
0.8464 51
0.8472 51
0.848 51
0.8488 51
0.8496 51
0.8504 51
0.8512 51
0.852 51
0.8528 51
0.8536 51
0.8544 51
0.8552 51
0.856 51
0.8568 51
0.8576 51
0.8584 51
0.8592 51
0.86 51
0.8608 51
0.8616 51
0.8624 51
0.8632 51
0.864 51
0.8648 51
0.8656 51
0.8664 51
0.8672 51
0.868 51
0.8688 51
0.8696 51
0.8704 51
0.8712 51
0.872 51
0.8728 51
0.8736 51
0.8744 51
0.8752 51
0.876 51
0.8768 51
0.8776 51
0.8784 51
0.8792 51
0.88 51
0.9176 51
0.9184 51
0.9192 51
0.92 51
0.9208 51
0.9216 51
0.9224 51
0.9232 51
0.924 51
0.9248 51
0.9256 51
0.9264 51
0.9272 51
0.928 51
0.9288 51
0.9296 51
0.9304 51
0.9312 51
0.932 51
0.9328 51
0.9336 51
0.9344 51
0.9352 51
0.936 51
0.9368 51
0.9376 51
0.9384 51
0.9392 51
0.94 51
0.9408 51
0.9416 51
0.9424 51
0.9432 51
0.944 51
0.9448 51
0.9456 51
1.1456 1
1.1664 2
1.1872 3
1.188 4
1.208 5
1.2088 6
1.2096 7
1.2104 8
1.2288 9
1.2296 10
1.2304 11
1.2312 12
1.232 13
1.2328 14
1.2336 15
1.2344 16
1.2496 17
1.2504 18
1.2512 19
1.252 20
1.2528 21
1.2536 22
1.2544 23
1.2552 24
1.256 25
1.2568 26
1.2576 26
1.2584 26
1.2592 26
1.26 26
1.2608 26
1.2616 26
1.2704 26
1.2712 26
1.272 26
1.2728 26
1.2736 26
1.2744 26
1.2752 26
1.276 26
1.2768 26
1.2776 26
1.2784 26
1.2792 26
1.28 26
1.2808 26
1.2816 26
1.2824 26
1.2832 26
1.284 26
1.2848 26
1.2856 27
1.2864 27
1.2872 27
1.288 27
1.2888 27
1.2896 27
1.2904 27
1.3056 27
1.3064 27
1.3072 27
1.308 27
1.3088 27
1.3096 27
1.3104 27
1.3112 27
1.312 27
1.3128 27
1.3136 27
1.3144 27
1.3152 27
1.316 27
1.3168 27
1.3176 27
1.3184 27
1.3192 27
1.32 27
1.3208 27
1.3216 28
1.3224 28
1.3232 28
1.324 28
1.3248 28
1.3256 28
1.3264 28
1.348 28
1.3488 28
1.3496 28
1.3504 28
1.3512 28
1.352 28
1.3528 28
1.3536 28
1.3544 28
1.3552 28
1.356 28
1.3568 28
1.3576 28
1.3584 28
1.3592 28
1.36 28
1.3608 28
1.3616 28
1.3624 28
1.3632 28
1.364 28
1.3648 29
1.3656 29
1.3664 29
1.3672 29
1.368 29
1.3688 29
1.3696 29
1.392 29
1.3928 29
1.3936 29
1.3944 29
1.3952 29
1.396 29
1.3968 29
1.3976 29
1.3984 29
1.3992 29
1.4 29
1.4008 29
1.4016 29
1.4024 29
1.4032 29
1.404 29
1.4048 29
1.4056 29
1.4064 29
1.4072 29
1.408 29
1.4088 29
1.4096 30
1.4104 30
1.4112 30
1.412 30
1.4128 30
1.4136 30
1.4144 30
1.4376 30
1.4384 30
1.4392 30
1.44 30
1.4408 30
1.4416 30
1.4424 30
1.4432 30
1.444 30
1.4448 30
1.4456 30
1.4464 30
1.4472 30
1.448 30
1.4488 30
1.4496 30
1.4504 30
1.4512 30
1.452 30
1.4528 30
1.4536 30
1.4544 30
1.4552 30
1.456 31
1.4568 31
1.4576 31
1.4584 31
1.4592 31
1.46 31
1.4608 31
1.4848 31
1.4856 31
1.4864 31
1.4872 31
1.488 31
1.4888 31
1.4896 31
1.4904 31
1.4912 31
1.492 31
1.4928 31
1.4936 31
1.4944 31
1.4952 31
1.496 31
1.4968 31
1.4976 31
1.4984 31
1.4992 31
1.5 31
1.5008 31
1.5016 31
1.5024 31
1.5032 31
1.504 32
1.5048 32
1.5056 32
1.5064 32
1.5072 32
1.508 32
1.5088 32
1.5336 32
1.5344 32
1.5352 32
1.536 32
1.5368 32
1.5376 32
1.5384 32
1.5392 32
1.54 32
1.5408 32
1.5416 32
1.5424 32
1.5432 32
1.544 32
1.5448 32
1.5456 32
1.5464 32
1.5472 32
1.548 32
1.5488 32
1.5496 32
1.5504 32
1.5512 32
1.552 32
1.5528 32
1.5536 33
1.5544 33
1.5552 33
1.556 33
1.5568 33
1.5576 33
1.5584 33
1.584 33
1.5848 33
1.5856 33
1.5864 33
1.5872 33
1.588 33
1.5888 33
1.5896 33
1.5904 33
1.5912 33
1.592 33
1.5928 33
1.5936 33
1.5944 33
1.5952 33
1.596 33
1.5968 33
1.5976 33
1.5984 33
1.5992 33
1.6 33
1.6008 33
1.6016 33
1.6024 33
1.6032 33
1.604 33
1.6048 34
1.6056 34
1.6064 34
1.6072 34
1.608 34
1.6088 34
1.6096 34
1.636 34
1.6368 34
1.6376 34
1.6384 34
1.6392 34
1.64 34
1.6408 34
1.6416 34
1.6424 34
1.6432 34
1.644 34
1.6448 34
1.6456 34
1.6464 34
1.6472 34
1.648 34
1.6488 34
1.6496 34
1.6504 34
1.6512 34
1.652 34
1.6528 34
1.6536 34
1.6544 34
1.6552 34
1.656 34
1.6568 34
1.6576 35
1.6584 35
1.6592 35
1.66 35
1.6608 35
1.6616 35
1.6624 35
1.6896 35
1.6904 35
1.6912 35
1.692 35
1.6928 35
1.6936 35
1.6944 35
1.6952 35
1.696 35
1.6968 35
1.6976 35
1.6984 35
1.6992 35
1.7 35
1.7008 35
1.7016 35
1.7024 35
1.7032 35
1.704 35
1.7048 35
1.7056 35
1.7064 35
1.7072 35
1.708 35
1.7088 35
1.7096 35
1.7104 35
1.7112 35
1.712 36
1.7128 36
1.7136 36
1.7144 36
1.7152 36
1.716 36
1.7168 36
1.7448 36
1.7456 36
1.7464 36
1.7472 36
1.748 36
1.7488 36
1.7496 36
1.7504 36
1.7512 36
1.752 36
1.7528 36
1.7536 36
1.7544 36
1.7552 36
1.756 36
1.7568 36
1.7576 36
1.7584 36
1.7592 36
1.76 36
1.7608 36
1.7616 36
1.7624 36
1.7632 36
1.764 36
1.7648 36
1.7656 36
1.7664 36
1.7672 36
1.768 37
1.7688 37
1.7696 37
1.7704 37
1.7712 37
1.772 37
1.7728 37
1.8016 37
1.8024 37
1.8032 37
1.804 37
1.8048 37
1.8056 37
1.8064 37
1.8072 37
1.808 37
1.8088 37
1.8096 37
1.8104 37
1.8112 37
1.812 37
1.8128 37
1.8136 37
1.8144 37
1.8152 37
1.816 37
1.8168 37
1.8176 37
1.8184 37
1.8192 37
1.82 37
1.8208 37
1.8216 37
1.8224 37
1.8232 37
1.824 37
1.8248 37
1.8256 38
1.8264 38
1.8272 38
1.828 38
1.8288 38
1.8296 38
1.8304 38
1.86 38
1.8608 38
1.8616 38
1.8624 38
1.8632 38
1.864 38
1.8648 38
1.8656 38
1.8664 38
1.8672 38
1.868 38
1.8688 38
1.8696 38
1.8704 38
1.8712 38
1.872 38
1.8728 38
1.8736 38
1.8744 38
1.8752 38
1.876 38
1.8768 38
1.8776 38
1.8784 38
1.8792 38
1.88 38
1.8808 38
1.8816 38
1.8824 38
1.8832 38
1.884 38
1.8848 39
1.8856 39
1.8864 39
1.8872 39
1.888 39
1.8888 39
1.8896 39
1.92 39
1.9208 39
1.9216 39
1.9224 39
1.9232 39
1.924 39
1.9248 39
1.9256 39
1.9264 39
1.9272 39
1.928 39
1.9288 39
1.9296 39
1.9304 39
1.9312 39
1.932 39
1.9328 39
1.9336 39
1.9344 39
1.9352 39
1.936 39
1.9368 39
1.9376 39
1.9384 39
1.9392 39
1.94 39
1.9408 39
1.9416 39
1.9424 39
1.9432 39
1.944 39
1.9448 39
1.9456 40
1.9464 40
1.9472 40
1.948 40
1.9488 40
1.9496 40
1.9504 40
1.9816 40
1.9824 40
1.9832 40
1.984 40
1.9848 40
1.9856 40
1.9864 40
1.9872 40
1.988 40
1.9888 40
1.9896 40
1.9904 40
1.9912 40
1.992 40
1.9928 40
1.9936 40
1.9944 40
1.9952 40
1.996 40
1.9968 40
1.9976 40
1.9984 40
1.9992 40
2.0 40
2.0008 40
2.0016 40
2.0024 40
2.0032 40
2.004 40
2.0048 40
2.0056 40
2.0064 40
2.0072 40
2.008 41
2.0088 41
2.0096 41
2.0104 41
2.0112 41
2.012 41
2.0128 41
2.0448 41
2.0456 41
2.0464 41
2.0472 41
2.048 41
2.0488 41
2.0496 41
2.0504 41
2.0512 41
2.052 41
2.0528 41
2.0536 41
2.0544 41
2.0552 41
2.056 41
2.0568 41
2.0576 41
2.0584 41
2.0592 41
2.06 41
2.0608 41
2.0616 41
2.0624 41
2.0632 41
2.064 41
2.0648 41
2.0656 41
2.0664 41
2.0672 41
2.068 41
2.0688 41
2.0696 41
2.0704 41
2.0712 41
2.072 42
2.0728 42
2.0736 42
2.0744 42
2.0752 42
2.076 42
2.0768 42
2.1096 42
2.1104 42
2.1112 42
2.112 42
2.1128 42
2.1136 42
2.1144 42
2.1152 42
2.116 42
2.1168 42
2.1176 42
2.1184 42
2.1192 42
2.12 42
2.1208 42
2.1216 42
2.1224 42
2.1232 42
2.124 42
2.1248 42
2.1256 42
2.1264 42
2.1272 42
2.128 42
2.1288 42
2.1296 42
2.1304 42
2.1312 42
2.132 42
2.1328 42
2.1336 42
2.1344 42
2.1352 42
2.136 42
2.1368 42
2.1376 43
2.1384 43
2.1392 43
2.14 43
2.1408 43
2.1416 43
2.1424 43
2.176 43
2.1768 43
2.1776 43
2.1784 43
2.1792 43
2.18 43
2.1808 43
2.1816 43
2.1824 43
2.1832 43
2.184 43
2.1848 43
2.1856 43
2.1864 43
2.1872 43
2.188 43
2.1888 43
2.1896 43
2.1904 43
2.1912 43
2.192 43
2.1928 43
2.1936 43
2.1944 43
2.1952 43
2.196 43
2.1968 43
2.1976 43
2.1984 43
2.1992 43
2.2 43
2.2008 43
2.2016 43
2.2024 43
2.2032 43
2.204 43
2.2048 44
2.2056 44
2.2064 44
2.2072 44
2.208 44
2.2088 44
2.2096 44
2.244 44
2.2448 44
2.2456 44
2.2464 44
2.2472 44
2.248 44
2.2488 44
2.2496 44
2.2504 44
2.2512 44
2.252 44
2.2528 44
2.2536 44
2.2544 44
2.2552 44
2.256 44
2.2568 44
2.2576 44
2.2584 44
2.2592 44
2.26 44
2.2608 44
2.2616 44
2.2624 44
