0 0
0.0208 0
0.0216 0
0.0416 0
0.0424 2
0.0432 1
0.044 0
0.0624 0
0.0632 0
0.064 1
0.0648 2
0.0656 3
0.0664 2
0.0672 1
0.068 0
0.0832 0
0.084 0
0.0848 1
0.0856 2
0.0864 3
0.0872 4
0.088 5
0.0888 6
0.0896 7
0.0904 6
0.0912 5
0.092 4
0.0928 3
0.0936 2
0.0944 1
0.0952 0
0.104 0
0.1048 0
0.1056 1
0.1064 2
0.1072 3
0.108 4
0.1088 5
0.1096 6
0.1104 7
0.1112 8
0.112 9
0.1128 10
0.1136 11
0.1144 12
0.1152 13
0.116 14
0.1168 15
0.1176 14
0.1184 13
0.1192 12
0.12 11
0.1208 10
0.1216 9
0.1224 8
0.1232 7
0.124 6
0.1248 5
0.1256 6
0.1264 7
0.1272 8
0.128 9
0.1288 10
0.1296 11
0.1304 12
0.1312 13
0.132 14
0.1328 15
0.1336 16
0.1344 17
0.1352 18
0.136 19
0.1368 20
0.1376 21
0.1384 22
0.1392 23
0.14 24
0.1408 25
0.1416 26
0.1424 27
0.1432 28
0.144 29
0.1448 30
0.1456 31
0.1464 32
0.1472 33
0.148 34
0.1488 35
0.1496 36
0.1504 37
0.1512 38
0.152 39
0.1528 40
0.1536 41
0.1544 42
0.1552 43
0.156 44
0.1568 45
0.1576 46
0.1584 47
0.1592 48
0.16 49
0.1608 50
0.1616 51
0.1624 52
0.1632 53
0.164 54
0.1648 55
0.1656 56
0.1664 57
0.1672 58
0.168 59
0.1688 60
0.1696 61
0.1704 62
0.1712 63
0.172 64
0.1728 65
0.1736 66
0.1744 67
0.1752 68
0.176 69
0.1768 70
0.1776 71
0.1784 72
0.1792 73
0.18 73
0.1808 73
0.1816 73
0.1824 73
0.1832 73
0.184 73
0.1848 73
0.1856 73
0.1864 73
0.1872 73
0.188 73
0.1888 73
0.1896 73
0.1904 73
0.1912 73
0.192 73
0.1928 73
0.1936 73
0.1944 73
0.1952 73
0.196 73
0.1968 73
0.1976 73
0.1984 73
0.1992 73
0.2 73
0.2008 73
0.2016 73
0.2024 73
0.2032 73
0.204 73
0.2048 73
0.2056 73
0.2064 73
0.2072 73
0.208 73
0.2088 73
0.2096 73
0.2104 73
0.2112 73
0.212 73
0.2128 73
0.2136 73
0.2144 73
0.2152 73
0.216 73
0.2168 73
0.2176 73
0.2184 73
0.2192 73
0.22 73
0.2208 73
0.2216 73
0.2224 73
0.2232 73
0.224 73
0.2248 73
0.2256 73
0.2264 73
0.2272 73
0.228 73
0.2288 73
0.2296 73
0.2304 73
0.2312 73
0.232 73
0.2328 73
0.2336 73
0.2344 73
0.2352 73
0.236 73
0.2368 73
0.2376 73
0.2384 73
0.2392 73
0.24 73
0.2408 73
0.2416 73
0.2424 73
0.2432 73
0.244 73
0.2448 73
0.2456 73
0.2464 73
0.2472 73
0.248 73
0.2488 73
0.2496 73
0.2504 73
0.2512 73
0.252 73
0.2528 73
0.2536 73
0.2544 73
0.2552 74
0.256 74
0.2568 74
0.2576 74
0.2584 75
0.2592 75
0.26 75
0.2608 75
0.2616 75
0.2624 75
0.2632 75
0.264 75
0.2648 75
0.2656 75
0.2664 75
0.2672 75
0.268 75
0.2688 75
0.2696 75
0.2704 75
0.2712 75
0.272 75
0.2728 75
0.2736 75
0.2744 75
0.2752 75
0.276 75
0.2768 75
0.2776 75
0.2784 75
0.2792 75
0.28 75
0.2808 75
0.2816 75
0.2824 75
0.2832 75
0.284 75
0.2848 75
0.2856 75
0.2864 75
0.2872 75
0.288 75
0.2888 75
0.2896 75
0.2904 75
0.2912 75
0.292 75
0.2928 75
0.2936 75
0.2944 75
0.2952 75
0.296 75
0.2968 75
0.2976 75
0.2984 75
0.2992 75
0.3 75
0.3008 75
0.3016 75
0.3024 75
0.3032 75
0.304 75
0.3048 75
0.3056 75
0.3064 75
0.3072 75
0.308 75
0.3088 75
0.3096 75
0.3104 75
0.3112 75
0.312 75
0.3128 75
0.3136 75
0.3144 75
0.3152 75
0.316 75
0.3168 75
0.3176 75
0.3184 75
0.3192 75
0.32 75
0.3208 75
0.3216 75
0.3224 75
0.3232 75
0.324 75
0.3248 75
0.3256 75
0.3264 75
0.3272 75
0.328 75
0.3288 75
0.3296 75
0.3304 75
0.3312 75
0.332 75
0.3328 75
0.3336 75
0.3344 75
0.3352 75
0.336 75
0.3368 75
0.3376 75
0.3384 75
0.3392 76
0.34 76
0.3408 76
0.3416 76
0.3424 76
0.3432 76
0.344 76
0.3448 76
0.3456 76
0.3464 76
0.3472 76
0.348 76
0.3488 76
0.3496 76
0.3504 76
0.3512 76
0.352 76
0.3528 76
0.3536 76
0.3544 76
0.3552 76
0.356 76
0.3568 76
0.3576 76
0.3584 76
0.3592 76
0.36 76
0.3608 76
0.3616 76
0.3624 76
0.3632 76
0.364 76
0.3648 76
0.3656 76
0.3664 76
0.3672 76
0.368 76
0.3688 76
0.3696 76
0.3704 76
0.3712 76
0.372 76
0.3728 76
0.3736 76
0.3744 76
0.3752 76
0.376 76
0.3768 76
0.3776 76
0.3784 76
0.3792 76
0.38 76
0.3808 76
0.3816 76
0.3824 76
0.3832 76
0.384 76
0.3848 76
0.3856 76
0.3864 76
0.3872 76
0.388 76
0.3888 76
0.3896 76
0.3904 76
0.3912 76
0.392 76
0.3928 76
0.3936 76
0.3944 76
0.3952 76
0.396 76
0.3968 76
0.3976 76
0.3984 76
0.3992 76
0.4 76
0.4008 76
0.4016 76
0.4024 76
0.4032 76
0.404 76
0.4048 76
0.4056 76
0.4064 76
0.4072 76
0.408 76
0.4088 76
0.4096 76
0.4104 76
0.4112 76
0.412 76
0.4128 76
0.4136 76
0.4144 76
0.4152 76
0.416 76
0.4168 76
0.4176 76
0.4184 76
0.4192 76
0.42 76
0.4208 77
0.4216 77
0.4224 77
0.4232 77
0.424 77
0.4248 77
0.4256 77
0.4264 77
0.4272 77
0.428 77
0.4288 77
0.4296 77
0.4304 77
0.4312 77
0.432 77
0.4328 77
0.4336 77
0.4344 77
0.4352 77
0.436 77
0.4368 77
0.4376 77
0.4384 77
0.4392 77
0.44 77
0.4408 77
0.4416 77
0.4424 77
0.4432 77
0.444 77
0.4448 77
0.4456 77
0.4464 77
0.4472 77
0.448 77
0.4488 77
0.4496 77
0.4504 77
0.4512 77
0.452 77
0.4528 77
0.4536 77
0.4544 77
0.4552 77
0.456 77
0.4568 77
0.4576 77
0.4584 77
0.4592 77
0.46 77
0.4608 77
0.4616 77
0.4624 77
0.4632 77
0.464 77
0.4648 77
0.4656 77
0.4664 77
0.4672 77
0.468 77
0.4688 77
0.4696 77
0.4704 77
0.4712 77
0.472 77
0.4728 77
0.4736 77
0.4744 77
0.4752 77
0.476 77
0.4768 77
0.4776 77
0.4784 77
0.4792 77
0.48 77
0.4808 77
0.4816 77
0.4824 77
0.4832 77
0.484 77
0.4848 77
0.4856 77
0.4864 77
0.4872 77
0.488 77
0.4888 77
0.4896 77
0.4904 77
0.4912 77
0.492 77
0.4928 77
0.4936 77
0.4944 77
0.4952 77
0.496 77
0.4968 77
0.4976 77
0.4984 77
0.4992 77
0.5 77
0.5008 77
0.5016 77
0.5024 77
0.5032 78
0.504 78
0.5048 78
0.5056 78
0.5064 78
0.5072 78
0.508 78
0.5088 78
0.5096 78
0.5104 78
0.5112 78
0.512 78
0.5128 78
0.5136 78
0.5144 78
0.5152 78
0.516 78
0.5168 78
0.5176 78
0.5184 78
0.5192 78
0.52 78
0.5208 78
0.5216 78
0.5224 78
0.5232 78
0.524 78
0.5248 78
0.5256 78
0.5264 78
0.5272 78
0.528 78
0.5288 78
0.5296 78
0.5304 78
0.5312 78
0.532 78
0.5328 78
0.5336 78
0.5344 78
0.5352 78
0.536 78
0.5368 78
0.5376 78
0.5384 78
0.5392 78
0.54 78
0.5408 78
0.5416 78
0.5424 78
0.5432 78
0.544 78
0.5448 78
0.5456 78
0.5464 78
0.5472 78
0.548 78
0.5488 78
0.5496 78
0.5504 78
0.5512 78
0.552 78
0.5528 78
0.5536 78
0.5544 78
0.5552 78
0.556 78
0.5568 78
0.5576 78
0.5584 78
0.5592 78
0.56 78
0.5608 78
0.5616 78
0.5624 78
0.5632 78
0.564 78
0.5648 78
0.5656 78
0.5664 78
0.5672 78
0.568 78
0.5688 78
0.5696 78
0.5704 78
0.5712 78
0.572 78
0.5728 78
0.5736 78
0.5744 78
0.5752 78
0.576 78
0.5768 78
0.5776 78
0.5784 78
0.5792 78
0.58 78
0.5808 78
0.5816 78
0.5824 78
0.5832 78
0.584 78
0.5848 78
0.5856 78
0.5864 79
0.5872 79
0.588 79
0.5888 79
0.5896 79
0.5904 79
0.5912 79
0.592 79
0.5928 79
0.5936 79
0.5944 79
0.5952 79
0.596 79
0.5968 79
0.5976 79
0.5984 79
0.5992 79
0.6 79
0.6008 79
0.6016 79
0.6024 79
0.6032 79
0.604 79
0.6048 79
0.6056 79
0.6064 79
0.6072 79
0.608 79
0.6088 79
0.6096 79
0.6104 79
0.6112 79
0.612 79
0.6128 79
0.6136 79
0.6144 79
0.6152 79
0.616 79
0.6168 79
0.6176 79
0.6184 79
0.6192 79
0.62 79
0.6208 79
0.6216 79
0.6224 79
0.6232 79
0.624 79
0.6248 79
0.6256 79
0.6264 79
0.6272 79
0.628 79
0.6288 79
0.6296 79
0.6304 79
0.6312 79
0.632 79
0.6328 79
0.6336 79
0.6344 79
0.6352 79
0.636 79
0.6368 79
0.6376 79
0.6384 79
0.6392 79
0.64 79
0.6408 79
0.6416 79
0.6424 79
0.6432 79
0.644 79
0.6448 79
0.6456 79
0.6464 79
0.6472 79
0.648 79
0.6488 79
0.6496 79
0.6504 79
0.6512 79
0.652 79
0.6528 79
0.6536 79
0.6544 79
0.6552 79
0.656 79
0.6568 79
0.6576 79
0.6584 79
0.6592 79
0.66 79
0.6608 79
0.6616 79
0.6624 79
0.6632 79
0.664 79
0.6648 79
0.6656 79
0.6664 79
0.6672 79
0.668 79
0.6688 79
0.6696 79
0.6704 80
0.6712 80
0.672 80
0.6728 80
0.6736 80
0.6744 80
0.6752 80
0.676 80
0.6768 80
0.6776 80
0.6784 80
0.6792 80
0.68 80
0.6808 80
0.6816 80
0.6824 80
0.6832 80
0.684 80
0.6848 80
0.6856 80
0.6864 80
0.6872 80
0.688 80
0.6888 80
0.6896 80
0.6904 80
0.6912 80
0.692 80
0.6928 80
0.6936 80
0.6944 80
0.6952 80
0.696 80
0.6968 80
0.6976 80
0.6984 80
0.6992 80
0.7 80
0.7008 80
0.7016 80
0.7024 80
0.7032 80
0.704 80
0.7048 80
0.7056 80
0.7064 80
0.7072 80
0.708 80
0.7088 80
0.7096 80
0.7104 80
0.7112 80
0.712 80
0.7128 80
0.7136 80
0.7144 80
0.7152 80
0.716 80
0.7168 80
0.7176 80
0.7184 80
0.7192 80
0.72 80
0.7208 80
0.7216 80
0.7224 80
0.7232 80
0.724 80
0.7248 80
0.7256 80
0.7264 80
0.7272 80
0.728 80
0.7288 80
0.7296 80
0.7304 80
0.7312 80
0.732 80
0.7328 80
0.7336 80
0.7344 80
0.7352 80
0.736 80
0.7368 80
0.7376 80
0.7384 80
0.7392 80
0.74 80
0.7408 80
0.7416 80
0.7424 80
0.7432 80
0.744 80
0.7448 80
0.7456 80
0.7464 80
0.7472 80
0.748 80
0.7488 80
0.7496 80
0.7504 80
0.7512 80
0.752 80
0.7528 80
0.7536 80
0.7544 80
0.7552 81
0.756 81
0.7568 81
0.7576 81
0.7584 81
0.7592 81
0.76 81
0.7608 81
0.7616 81
0.7624 81
0.7632 81
0.764 81
0.7648 81
0.7656 81
0.7664 81
0.7672 81
0.768 81
0.7688 81
0.7696 81
0.7704 81
0.7712 81
0.772 81
0.7728 81
0.7736 81
0.7744 81
0.7752 81
0.776 81
0.7768 81
0.7776 81
0.7784 81
0.7792 81
0.78 81
0.7808 81
0.7816 81
0.7824 81
0.7832 81
0.784 81
0.7848 81
0.7856 81
0.7864 81
0.7872 81
0.788 81
0.7888 81
0.7896 81
0.7904 81
0.7912 81
0.792 81
0.7928 81
0.7936 81
0.7944 81
0.7952 81
0.796 81
0.7968 81
0.7976 81
0.7984 81
0.7992 81
0.8 81
0.8008 81
0.8016 81
0.8024 81
0.8032 81
0.804 81
0.8048 81
0.8056 81
0.8064 81
0.8072 81
0.808 81
0.8088 81
0.8096 81
0.8104 81
0.8112 81
0.812 81
0.8128 81
0.8136 81
0.8144 80
0.8152 79
0.816 78
0.8168 77
0.8176 76
0.8184 75
0.8192 74
0.82 73
0.8208 72
0.8216 71
0.8224 70
0.8232 69
0.824 68
0.8248 67
0.8256 66
0.8264 65
0.8272 64
0.828 63
0.8288 62
0.8296 61
0.8304 60
0.8312 59
0.832 58
0.8328 57
0.8336 56
0.8344 55
0.8352 54
0.836 53
0.8368 52
0.8376 51
0.8384 50
0.8392 49
0.84 48
0.8408 47
0.8416 46
0.8424 45
0.8432 44
0.844 43
0.8448 42
0.8456 41
0.8464 40
0.8472 39
0.848 38
0.8488 37
0.8496 36
0.8504 35
0.8512 34
0.852 33
0.8528 32
0.8536 31
0.8544 30
0.8552 29
0.856 28
0.8568 27
0.8576 26
0.8584 25
0.8592 24
0.86 23
0.8608 22
0.8616 21
0.8624 20
0.8632 19
0.864 18
0.8648 17
0.8656 16
0.8664 15
0.8672 14
0.868 13
0.8688 12
0.8696 11
0.8704 10
0.8712 9
0.872 8
0.8728 7
0.8736 6
0.8744 5
0.8752 4
0.876 3
0.8768 2
0.8776 1
0.8784 0
