1 0 0 1000
1 0.0208 0 0
1 0.0208 1000 1000
1 0.0208 2000 1000
1 0.0416 1000 0
1 0.0416 3000 1000
1 0.0416 4000 1000
1 0.0424 2000 0
1 0.0424 5000 1000
1 0.0424 6000 1000
1 0.0624 3000 0
1 0.0624 7000 1000
1 0.0624 8000 1000
1 0.0632 4000 0
1 0.0632 9000 1000
1 0.0632 10000 1000
1 0.064 5000 0
1 0.064 11000 1000
1 0.064 12000 1000
1 0.0648 6000 0
1 0.0648 13000 1000
1 0.0648 14000 1000
1 0.0832 7000 0
1 0.0832 15000 1000
1 0.0832 16000 1000
1 0.084 8000 0
1 0.084 17000 1000
1 0.084 18000 1000
1 0.0848 9000 0
1 0.0848 19000 1000
1 0.0848 20000 1000
1 0.0856 10000 0
1 0.0856 21000 1000
1 0.0856 22000 1000
1 0.0864 11000 0
1 0.0864 23000 1000
1 0.0864 24000 1000
1 0.0872 12000 0
1 0.0872 25000 1000
1 0.0872 26000 1000
1 0.088 13000 0
1 0.088 27000 1000
1 0.088 28000 1000
1 0.0888 14000 0
1 0.0888 29000 1000
1 0.0888 30000 1000
1 0.104 15000 0
1 0.104 31000 1000
1 0.104 32000 1000
1 0.1048 16000 0
1 0.1048 33000 1000
1 0.1048 34000 1000
1 0.1056 17000 0
1 0.1056 35000 1000
1 0.1056 36000 1000
1 0.1064 18000 0
1 0.1064 37000 1000
1 0.1064 38000 1000
1 0.1072 19000 0
1 0.1072 39000 1000
1 0.1072 40000 1000
1 0.108 20000 0
1 0.108 41000 1000
1 0.108 42000 1000
1 0.1088 21000 0
1 0.1088 43000 1000
1 0.1088 44000 1000
1 0.1096 22000 0
1 0.1096 45000 1000
1 0.1096 46000 1000
1 0.1104 23000 0
1 0.1104 47000 1000
1 0.1104 48000 1000
1 0.1112 24000 0
1 0.1112 49000 1000
1 0.1112 50000 1000
1 0.112 25000 0
1 0.112 51000 1000
1 0.112 52000 1000
1 0.1128 26000 0
1 0.1128 53000 1000
1 0.1128 54000 1000
1 0.1136 27000 0
1 0.1136 55000 1000
1 0.1136 56000 1000
1 0.1144 28000 0
1 0.1144 57000 1000
1 0.1144 58000 1000
1 0.1152 29000 0
1 0.1152 59000 1000
1 0.1152 60000 1000
1 0.116 30000 0
1 0.116 61000 1000
1 0.116 62000 1000
1 0.1248 31000 0
1 0.1248 63000 1000
1 0.1248 64000 1000
1 0.1256 32000 0
1 0.1256 65000 1000
1 0.1256 66000 1000
1 0.1264 33000 0
1 0.1264 67000 1000
1 0.1264 68000 1000
1 0.1272 34000 0
1 0.1272 69000 1000
1 0.1272 70000 1000
1 0.128 35000 0
1 0.128 71000 1000
1 0.128 72000 1000
1 0.1288 36000 0
1 0.1288 73000 1000
1 0.1288 74000 1000
1 0.1296 37000 0
1 0.1296 75000 1000
1 0.1296 76000 1000
1 0.1304 38000 0
1 0.1304 77000 1000
1 0.1304 78000 1000
1 0.1312 39000 0
1 0.1312 79000 1000
1 0.1312 80000 1000
1 0.132 40000 0
1 0.132 81000 1000
1 0.132 82000 1000
1 0.1328 41000 0
1 0.1328 83000 1000
1 0.1328 84000 1000
1 0.1336 42000 0
1 0.1336 85000 1000
1 0.1336 86000 1000
1 0.1344 43000 0
1 0.1344 87000 1000
1 0.1344 88000 1000
1 0.1352 44000 0
1 0.1352 89000 1000
1 0.1352 90000 1000
1 0.136 45000 0
1 0.136 91000 1000
1 0.136 92000 1000
1 0.1368 46000 0
1 0.1368 93000 1000
1 0.1368 94000 1000
1 0.1376 47000 0
1 0.1376 95000 1000
1 0.1376 96000 1000
1 0.1384 48000 0
1 0.1384 97000 1000
1 0.1384 98000 1000
1 0.1392 49000 0
1 0.1392 99000 1000
1 0.1392 100000 1000
1 0.14 50000 0
1 0.14 101000 1000
1 0.14 102000 1000
1 0.1408 51000 0
1 0.1408 103000 1000
1 0.1408 104000 1000
1 0.1416 52000 0
1 0.1416 105000 1000
1 0.1416 106000 1000
1 0.1424 53000 0
1 0.1424 107000 1000
1 0.1424 108000 1000
1 0.1432 54000 0
1 0.1432 109000 1000
1 0.1432 110000 1000
1 0.144 55000 0
1 0.144 111000 1000
1 0.144 112000 1000
1 0.1448 56000 0
1 0.1448 113000 1000
1 0.1448 114000 1000
1 0.1456 57000 0
1 0.1456 115000 1000
1 0.1456 116000 1000
1 0.1464 58000 0
1 0.1464 117000 1000
1 0.1464 118000 1000
1 0.1472 59000 0
1 0.1472 119000 1000
1 0.1472 120000 1000
1 0.148 60000 0
1 0.148 121000 1000
1 0.148 122000 1000
1 0.1488 61000 0
1 0.1488 123000 1000
1 0.1488 124000 1000
1 0.1496 62000 0
1 0.1496 125000 1000
1 0.1496 126000 1000
1 0.1504 63000 0
1 0.1504 127000 1000
1 0.1504 128000 1000
1 0.1512 64000 0
1 0.1512 129000 1000
1 0.1512 130000 1000
1 0.152 65000 0
1 0.152 131000 1000
1 0.152 132000 1000
1 0.1528 66000 0
1 0.1528 133000 1000
1 0.1528 134000 1000
1 0.1536 67000 0
1 0.1536 135000 1000
1 0.1536 136000 1000
1 0.1544 68000 0
1 0.1544 137000 1000
1 0.1544 138000 1000
1 0.1552 69000 0
1 0.1552 139000 1000
1 0.1552 140000 1000
1 0.156 70000 0
1 0.156 141000 1000
1 0.156 142000 1000
1 0.1568 71000 0
1 0.1568 143000 1000
1 0.1568 144000 1000
1 0.1576 72000 0
1 0.1576 145000 1000
1 0.1576 146000 1000
1 0.1584 73000 0
1 0.1584 147000 1000
1 0.1584 148000 1000
1 0.1592 74000 0
1 0.1592 149000 1000
1 0.1592 150000 1000
1 0.16 75000 0
1 0.16 151000 1000
1 0.16 152000 1000
1 0.1608 76000 0
1 0.1608 153000 1000
1 0.1608 154000 1000
1 0.1616 77000 0
1 0.1616 155000 1000
1 0.1616 156000 1000
1 0.1624 78000 0
1 0.1624 157000 1000
1 0.1624 158000 1000
1 0.1632 79000 0
1 0.1632 159000 1000
1 0.1632 160000 1000
1 0.164 80000 0
1 0.164 161000 1000
1 0.164 162000 1000
1 0.1648 81000 0
1 0.1648 163000 1000
1 0.1648 164000 1000
1 0.1656 82000 0
1 0.1656 165000 1000
1 0.1656 166000 1000
1 0.1664 83000 0
1 0.1664 167000 1000
1 0.1664 168000 1000
1 0.1672 84000 0
1 0.1672 169000 1000
1 0.1672 170000 1000
1 0.168 85000 0
1 0.168 171000 1000
1 0.168 172000 1000
1 0.1688 86000 0
1 0.1688 173000 1000
1 0.1688 174000 1000
1 0.1696 87000 0
1 0.1696 175000 1000
1 0.1696 176000 1000
1 0.1704 88000 0
1 0.1704 177000 1000
1 0.1704 178000 1000
1 0.1712 89000 0
1 0.1712 179000 1000
1 0.1712 180000 1000
1 0.172 90000 0
1 0.172 181000 1000
1 0.172 182000 1000
1 0.1728 91000 0
1 0.1728 183000 1000
1 0.1728 184000 1000
1 0.1736 92000 0
1 0.1736 185000 1000
1 0.1736 186000 1000
1 0.1744 93000 0
1 0.1744 187000 1000
1 0.1744 188000 1000
1 0.1752 94000 0
1 0.1752 189000 1000
1 0.1752 190000 1000
1 0.176 95000 0
1 0.176 191000 1000
1 0.176 192000 1000
1 0.1768 96000 0
1 0.1768 193000 1000
1 0.1768 194000 1000
1 0.1776 97000 0
1 0.1776 195000 1000
1 0.1776 196000 1000
1 0.1784 98000 0
1 0.1784 197000 1000
1 0.1784 198000 1000
1 0.1792 99000 0
1 0.1792 199000 1000
1 0.18 100000 0
1 0.18 200000 1000
1 0.1808 101000 0
1 0.1808 201000 1000
1 0.1816 102000 0
1 0.1816 202000 1000
1 0.1824 103000 0
1 0.1824 203000 1000
1 0.1832 104000 0
1 0.1832 204000 1000
1 0.184 105000 0
1 0.184 205000 1000
1 0.1848 106000 0
1 0.1848 206000 1000
1 0.1856 107000 0
1 0.1856 207000 1000
1 0.1864 108000 0
1 0.1864 208000 1000
1 0.1872 109000 0
1 0.1872 209000 1000
1 0.188 110000 0
1 0.188 210000 1000
1 0.1888 111000 0
1 0.1888 211000 1000
1 0.1896 112000 0
1 0.1896 212000 1000
1 0.1904 113000 0
1 0.1904 213000 1000
1 0.1912 114000 0
1 0.1912 214000 1000
1 0.192 115000 0
1 0.192 215000 1000
1 0.1928 116000 0
1 0.1928 216000 1000
1 0.1936 117000 0
1 0.1936 217000 1000
1 0.1944 118000 0
1 0.1944 218000 1000
1 0.1952 119000 0
1 0.1952 219000 1000
1 0.196 120000 0
1 0.196 220000 1000
1 0.1968 121000 0
1 0.1968 221000 1000
1 0.1976 122000 0
1 0.1976 222000 1000
1 0.1984 123000 0
1 0.1984 223000 1000
1 0.1992 124000 0
1 0.1992 224000 1000
1 0.2 125000 0
1 0.2 225000 1000
1 0.2008 126000 0
1 0.2008 226000 1000
1 0.2016 127000 0
1 0.2016 227000 1000
1 0.2024 128000 0
1 0.2024 228000 1000
1 0.2032 129000 0
1 0.2032 229000 1000
1 0.204 130000 0
1 0.204 230000 1000
1 0.2048 131000 0
1 0.2048 231000 1000
1 0.2056 132000 0
1 0.2056 232000 1000
1 0.2064 133000 0
1 0.2064 233000 1000
1 0.2072 134000 0
1 0.2072 234000 1000
1 0.208 135000 0
1 0.208 235000 1000
1 0.2088 136000 0
1 0.2088 236000 1000
1 0.2096 137000 0
1 0.2096 237000 1000
1 0.2104 138000 0
1 0.2104 238000 1000
1 0.2112 139000 0
1 0.2112 239000 1000
1 0.212 140000 0
1 0.212 240000 1000
1 0.2128 141000 0
1 0.2128 241000 1000
1 0.2136 142000 0
1 0.2136 242000 1000
1 0.2144 143000 0
1 0.2144 243000 1000
1 0.2152 144000 0
1 0.2152 244000 1000
1 0.216 145000 0
1 0.216 245000 1000
1 0.2168 146000 0
1 0.2168 246000 1000
1 0.2176 147000 0
1 0.2176 247000 1000
1 0.2184 148000 0
1 0.2184 248000 1000
1 0.2192 149000 0
1 0.2192 249000 1000
1 0.22 150000 0
1 0.22 250000 1000
1 0.2208 151000 0
1 0.2208 251000 1000
1 0.2216 152000 0
1 0.2216 252000 1000
1 0.2224 153000 0
1 0.2224 253000 1000
1 0.2232 154000 0
1 0.2232 254000 1000
1 0.224 155000 0
1 0.224 255000 1000
1 0.2248 156000 0
1 0.2248 256000 1000
1 0.2256 157000 0
1 0.2256 257000 1000
1 0.2264 158000 0
1 0.2264 258000 1000
1 0.2272 159000 0
1 0.2272 259000 1000
1 0.228 160000 0
1 0.228 260000 1000
1 0.2288 161000 0
1 0.2288 261000 1000
1 0.2296 162000 0
1 0.2296 262000 1000
1 0.2304 163000 0
1 0.2304 263000 1000
1 0.2312 164000 0
1 0.2312 264000 1000
1 0.232 165000 0
1 0.232 265000 1000
1 0.2328 166000 0
1 0.2328 266000 1000
1 0.2336 167000 0
1 0.2336 267000 1000
1 0.2344 168000 0
1 0.2344 268000 1000
1 0.2352 169000 0
1 0.2352 269000 1000
1 0.236 170000 0
1 0.236 270000 1000
1 0.2368 171000 0
1 0.2368 271000 1000
1 0.2376 172000 0
1 0.2376 272000 1000
1 0.2384 173000 0
1 0.2384 273000 1000
1 0.2392 174000 0
1 0.2392 274000 1000
1 0.24 175000 0
1 0.24 275000 1000
1 0.2408 176000 0
1 0.2408 276000 1000
1 0.2416 177000 0
1 0.2416 277000 1000
1 0.2424 178000 0
1 0.2424 278000 1000
1 0.2432 179000 0
1 0.2432 279000 1000
1 0.244 180000 0
1 0.244 280000 1000
1 0.2448 181000 0
1 0.2448 281000 1000
1 0.2456 182000 0
1 0.2456 282000 1000
1 0.2464 183000 0
1 0.2464 283000 1000
1 0.2472 184000 0
1 0.2472 284000 1000
1 0.248 185000 0
1 0.248 285000 1000
1 0.2488 186000 0
1 0.2488 286000 1000
1 0.2496 187000 0
1 0.2496 287000 1000
1 0.2504 188000 0
1 0.2504 288000 1000
1 0.2512 189000 0
1 0.2512 289000 1000
1 0.252 190000 0
1 0.252 290000 1000
1 0.2528 191000 0
1 0.2528 291000 1000
1 0.2536 192000 0
1 0.2536 292000 1000
1 0.2544 193000 0
1 0.2544 293000 1000
1 0.2552 194000 0
1 0.2552 294000 1000
1 0.256 195000 0
1 0.256 295000 1000
1 0.2568 196000 0
1 0.2568 296000 1000
1 0.2576 197000 0
1 0.2576 297000 1000
1 0.2584 198000 0
1 0.2584 298000 1000
1 0.2584 299000 1000
1 0.2592 199000 0
1 0.2592 300000 1000
1 0.26 200000 0
1 0.26 301000 1000
1 0.2608 201000 0
1 0.2608 302000 1000
1 0.2616 202000 0
1 0.2616 303000 1000
1 0.2624 203000 0
1 0.2624 304000 1000
1 0.2632 204000 0
1 0.2632 305000 1000
1 0.264 205000 0
1 0.264 306000 1000
1 0.2648 206000 0
1 0.2648 307000 1000
1 0.2656 207000 0
1 0.2656 308000 1000
1 0.2664 208000 0
1 0.2664 309000 1000
1 0.2672 209000 0
1 0.2672 310000 1000
1 0.268 210000 0
1 0.268 311000 1000
1 0.2688 211000 0
1 0.2688 312000 1000
1 0.2696 212000 0
1 0.2696 313000 1000
1 0.2704 213000 0
1 0.2704 314000 1000
1 0.2712 214000 0
1 0.2712 315000 1000
1 0.272 215000 0
1 0.272 316000 1000
1 0.2728 216000 0
1 0.2728 317000 1000
1 0.2736 217000 0
1 0.2736 318000 1000
1 0.2744 218000 0
1 0.2744 319000 1000
1 0.2752 219000 0
1 0.2752 320000 1000
1 0.276 220000 0
1 0.276 321000 1000
1 0.2768 221000 0
1 0.2768 322000 1000
1 0.2776 222000 0
1 0.2776 323000 1000
1 0.2784 223000 0
1 0.2784 324000 1000
1 0.2792 224000 0
1 0.2792 325000 1000
1 0.28 225000 0
1 0.28 326000 1000
1 0.2808 226000 0
1 0.2808 327000 1000
1 0.2816 227000 0
1 0.2816 328000 1000
1 0.2824 228000 0
1 0.2824 329000 1000
1 0.2832 229000 0
1 0.2832 330000 1000
1 0.284 230000 0
1 0.284 331000 1000
1 0.2848 231000 0
1 0.2848 332000 1000
1 0.2856 232000 0
1 0.2856 333000 1000
1 0.2864 233000 0
1 0.2864 334000 1000
1 0.2872 234000 0
1 0.2872 335000 1000
1 0.288 235000 0
1 0.288 336000 1000
1 0.2888 236000 0
1 0.2888 337000 1000
1 0.2896 237000 0
1 0.2896 338000 1000
1 0.2904 238000 0
1 0.2904 339000 1000
1 0.2912 239000 0
1 0.2912 340000 1000
1 0.292 240000 0
1 0.292 341000 1000
1 0.2928 241000 0
1 0.2928 342000 1000
1 0.2936 242000 0
1 0.2936 343000 1000
1 0.2944 243000 0
1 0.2944 344000 1000
1 0.2952 244000 0
1 0.2952 345000 1000
1 0.296 245000 0
1 0.296 346000 1000
1 0.2968 246000 0
1 0.2968 347000 1000
1 0.2976 247000 0
1 0.2976 348000 1000
1 0.2984 248000 0
1 0.2984 349000 1000
1 0.2992 249000 0
1 0.2992 350000 1000
1 0.3 250000 0
1 0.3 351000 1000
1 0.3008 251000 0
1 0.3008 352000 1000
1 0.3016 252000 0
1 0.3016 353000 1000
1 0.3024 253000 0
1 0.3024 354000 1000
1 0.3032 254000 0
1 0.3032 355000 1000
1 0.304 255000 0
1 0.304 356000 1000
1 0.3048 256000 0
1 0.3048 357000 1000
1 0.3056 257000 0
1 0.3056 358000 1000
1 0.3064 258000 0
1 0.3064 359000 1000
1 0.3072 259000 0
1 0.3072 360000 1000
1 0.308 260000 0
1 0.308 361000 1000
1 0.3088 261000 0
1 0.3088 362000 1000
1 0.3096 262000 0
1 0.3096 363000 1000
1 0.3104 263000 0
1 0.3104 364000 1000
1 0.3112 264000 0
1 0.3112 365000 1000
1 0.312 265000 0
1 0.312 366000 1000
1 0.3128 266000 0
1 0.3128 367000 1000
1 0.3136 267000 0
1 0.3136 368000 1000
1 0.3144 268000 0
1 0.3144 369000 1000
1 0.3152 269000 0
1 0.3152 370000 1000
1 0.316 270000 0
1 0.316 371000 1000
1 0.3168 271000 0
1 0.3168 372000 1000
1 0.3176 272000 0
1 0.3176 373000 1000
1 0.3184 273000 0
1 0.3184 374000 1000
1 0.3192 274000 0
1 0.3192 375000 1000
1 0.32 275000 0
1 0.32 376000 1000
1 0.3208 276000 0
1 0.3208 377000 1000
1 0.3216 277000 0
1 0.3216 378000 1000
1 0.3224 278000 0
1 0.3224 379000 1000
1 0.3232 279000 0
1 0.3232 380000 1000
1 0.324 280000 0
1 0.324 381000 1000
1 0.3248 281000 0
1 0.3248 382000 1000
1 0.3256 282000 0
1 0.3256 383000 1000
1 0.3264 283000 0
1 0.3264 384000 1000
1 0.3272 284000 0
1 0.3272 385000 1000
1 0.328 285000 0
1 0.328 386000 1000
1 0.3288 286000 0
1 0.3288 387000 1000
1 0.3296 287000 0
1 0.3296 388000 1000
1 0.3304 288000 0
1 0.3304 389000 1000
1 0.3312 289000 0
1 0.3312 390000 1000
1 0.332 290000 0
1 0.332 391000 1000
1 0.3328 291000 0
1 0.3328 392000 1000
1 0.3336 292000 0
1 0.3336 393000 1000
1 0.3344 293000 0
1 0.3344 394000 1000
1 0.3352 294000 0
1 0.3352 395000 1000
1 0.336 295000 0
1 0.336 396000 1000
1 0.3368 296000 0
1 0.3368 397000 1000
1 0.3376 297000 0
1 0.3376 398000 1000
1 0.3384 298000 0
1 0.3384 399000 1000
1 0.3392 299000 0
1 0.3392 400000 1000
1 0.3392 401000 1000
1 0.34 300000 0
1 0.34 402000 1000
1 0.3408 301000 0
1 0.3408 403000 1000
1 0.3416 302000 0
1 0.3416 404000 1000
1 0.3424 303000 0
1 0.3424 405000 1000
1 0.3432 304000 0
1 0.3432 406000 1000
1 0.344 305000 0
1 0.344 407000 1000
1 0.3448 306000 0
1 0.3448 408000 1000
1 0.3456 307000 0
1 0.3456 409000 1000
1 0.3464 308000 0
1 0.3464 410000 1000
1 0.3472 309000 0
1 0.3472 411000 1000
1 0.348 310000 0
1 0.348 412000 1000
1 0.3488 311000 0
1 0.3488 413000 1000
1 0.3496 312000 0
1 0.3496 414000 1000
1 0.3504 313000 0
1 0.3504 415000 1000
1 0.3512 314000 0
1 0.3512 416000 1000
1 0.352 315000 0
1 0.352 417000 1000
1 0.3528 316000 0
1 0.3528 418000 1000
1 0.3536 317000 0
1 0.3536 419000 1000
1 0.3544 318000 0
1 0.3544 420000 1000
1 0.3552 319000 0
1 0.3552 421000 1000
1 0.356 320000 0
1 0.356 422000 1000
1 0.3568 321000 0
1 0.3568 423000 1000
1 0.3576 322000 0
1 0.3576 424000 1000
1 0.3584 323000 0
1 0.3584 425000 1000
1 0.3592 324000 0
1 0.3592 426000 1000
1 0.36 325000 0
1 0.36 427000 1000
1 0.3608 326000 0
1 0.3608 428000 1000
1 0.3616 327000 0
1 0.3616 429000 1000
1 0.3624 328000 0
1 0.3624 430000 1000
1 0.3632 329000 0
1 0.3632 431000 1000
1 0.364 330000 0
1 0.364 432000 1000
1 0.3648 331000 0
1 0.3648 433000 1000
1 0.3656 332000 0
1 0.3656 434000 1000
1 0.3664 333000 0
1 0.3664 435000 1000
1 0.3672 334000 0
1 0.3672 436000 1000
1 0.368 335000 0
1 0.368 437000 1000
1 0.3688 336000 0
1 0.3688 438000 1000
1 0.3696 337000 0
1 0.3696 439000 1000
1 0.3704 338000 0
1 0.3704 440000 1000
1 0.3712 339000 0
1 0.3712 441000 1000
1 0.372 340000 0
1 0.372 442000 1000
1 0.3728 341000 0
1 0.3728 443000 1000
1 0.3736 342000 0
1 0.3736 444000 1000
1 0.3744 343000 0
1 0.3744 445000 1000
1 0.3752 344000 0
1 0.3752 446000 1000
1 0.376 345000 0
1 0.376 447000 1000
1 0.3768 346000 0
1 0.3768 448000 1000
1 0.3776 347000 0
1 0.3776 449000 1000
1 0.3784 348000 0
1 0.3784 450000 1000
1 0.3792 349000 0
1 0.3792 451000 1000
1 0.38 350000 0
1 0.38 452000 1000
1 0.3808 351000 0
1 0.3808 453000 1000
1 0.3816 352000 0
1 0.3816 454000 1000
1 0.3824 353000 0
1 0.3824 455000 1000
1 0.3832 354000 0
1 0.3832 456000 1000
1 0.384 355000 0
1 0.384 457000 1000
1 0.3848 356000 0
1 0.3848 458000 1000
1 0.3856 357000 0
1 0.3856 459000 1000
1 0.3864 358000 0
1 0.3864 460000 1000
1 0.3872 359000 0
1 0.3872 461000 1000
1 0.388 360000 0
1 0.388 462000 1000
1 0.3888 361000 0
1 0.3888 463000 1000
1 0.3896 362000 0
1 0.3896 464000 1000
1 0.3904 363000 0
1 0.3904 465000 1000
1 0.3912 364000 0
1 0.3912 466000 1000
1 0.392 365000 0
1 0.392 467000 1000
1 0.3928 366000 0
1 0.3928 468000 1000
1 0.3936 367000 0
1 0.3936 469000 1000
1 0.3944 368000 0
1 0.3944 470000 1000
1 0.3952 369000 0
1 0.3952 471000 1000
1 0.396 370000 0
1 0.396 472000 1000
1 0.3968 371000 0
1 0.3968 473000 1000
1 0.3976 372000 0
1 0.3976 474000 1000
1 0.3984 373000 0
1 0.3984 475000 1000
1 0.3992 374000 0
1 0.3992 476000 1000
1 0.4 375000 0
1 0.4 477000 1000
1 0.4008 376000 0
1 0.4008 478000 1000
1 0.4016 377000 0
1 0.4016 479000 1000
1 0.4024 378000 0
1 0.4024 480000 1000
1 0.4032 379000 0
1 0.4032 481000 1000
1 0.404 380000 0
1 0.404 482000 1000
1 0.4048 381000 0
1 0.4048 483000 1000
1 0.4056 382000 0
1 0.4056 484000 1000
1 0.4064 383000 0
1 0.4064 485000 1000
1 0.4072 384000 0
1 0.4072 486000 1000
1 0.408 385000 0
1 0.408 487000 1000
1 0.4088 386000 0
1 0.4088 488000 1000
1 0.4096 387000 0
1 0.4096 489000 1000
1 0.4104 388000 0
1 0.4104 490000 1000
1 0.4112 389000 0
1 0.4112 491000 1000
1 0.412 390000 0
1 0.412 492000 1000
1 0.4128 391000 0
1 0.4128 493000 1000
1 0.4136 392000 0
1 0.4136 494000 1000
1 0.4144 393000 0
1 0.4144 495000 1000
1 0.4152 394000 0
1 0.4152 496000 1000
1 0.416 395000 0
1 0.416 497000 1000
1 0.4168 396000 0
1 0.4168 498000 1000
1 0.4176 397000 0
1 0.4176 499000 1000
1 0.4184 398000 0
1 0.4184 500000 1000
1 0.4192 399000 0
1 0.4192 501000 1000
1 0.42 400000 0
1 0.42 502000 1000
1 0.4208 401000 0
1 0.4208 503000 1000
1 0.4208 504000 1000
1 0.4216 402000 0
1 0.4216 505000 1000
1 0.4224 403000 0
1 0.4224 506000 1000
1 0.4232 404000 0
1 0.4232 507000 1000
1 0.424 405000 0
1 0.424 508000 1000
1 0.4248 406000 0
1 0.4248 509000 1000
1 0.4256 407000 0
1 0.4256 510000 1000
1 0.4264 408000 0
1 0.4264 511000 1000
1 0.4272 409000 0
1 0.4272 512000 1000
1 0.428 410000 0
1 0.428 513000 1000
1 0.4288 411000 0
1 0.4288 514000 1000
1 0.4296 412000 0
1 0.4296 515000 1000
1 0.4304 413000 0
1 0.4304 516000 1000
1 0.4312 414000 0
1 0.4312 517000 1000
1 0.432 415000 0
1 0.432 518000 1000
1 0.4328 416000 0
1 0.4328 519000 1000
1 0.4336 417000 0
1 0.4336 520000 1000
1 0.4344 418000 0
1 0.4344 521000 1000
1 0.4352 419000 0
1 0.4352 522000 1000
1 0.436 420000 0
1 0.436 523000 1000
1 0.4368 421000 0
1 0.4368 524000 1000
1 0.4376 422000 0
1 0.4376 525000 1000
1 0.4384 423000 0
1 0.4384 526000 1000
1 0.4392 424000 0
1 0.4392 527000 1000
1 0.44 425000 0
1 0.44 528000 1000
1 0.4408 426000 0
1 0.4408 529000 1000
1 0.4416 427000 0
1 0.4416 530000 1000
1 0.4424 428000 0
1 0.4424 531000 1000
1 0.4432 429000 0
1 0.4432 532000 1000
1 0.444 430000 0
1 0.444 533000 1000
1 0.4448 431000 0
1 0.4448 534000 1000
1 0.4456 432000 0
1 0.4456 535000 1000
1 0.4464 433000 0
1 0.4464 536000 1000
1 0.4472 434000 0
1 0.4472 537000 1000
1 0.448 435000 0
1 0.448 538000 1000
1 0.4488 436000 0
1 0.4488 539000 1000
1 0.4496 437000 0
1 0.4496 540000 1000
1 0.4504 438000 0
1 0.4504 541000 1000
1 0.4512 439000 0
1 0.4512 542000 1000
1 0.452 440000 0
1 0.452 543000 1000
1 0.4528 441000 0
1 0.4528 544000 1000
1 0.4536 442000 0
1 0.4536 545000 1000
1 0.4544 443000 0
1 0.4544 546000 1000
1 0.4552 444000 0
1 0.4552 547000 1000
1 0.456 445000 0
1 0.456 548000 1000
1 0.4568 446000 0
1 0.4568 549000 1000
1 0.4576 447000 0
1 0.4576 550000 1000
1 0.4584 448000 0
1 0.4584 551000 1000
1 0.4592 449000 0
1 0.4592 552000 1000
1 0.46 450000 0
1 0.46 553000 1000
1 0.4608 451000 0
1 0.4608 554000 1000
1 0.4616 452000 0
1 0.4616 555000 1000
1 0.4624 453000 0
1 0.4624 556000 1000
1 0.4632 454000 0
1 0.4632 557000 1000
1 0.464 455000 0
1 0.464 558000 1000
1 0.4648 456000 0
1 0.4648 559000 1000
1 0.4656 457000 0
1 0.4656 560000 1000
1 0.4664 458000 0
1 0.4664 561000 1000
1 0.4672 459000 0
1 0.4672 562000 1000
1 0.468 460000 0
1 0.468 563000 1000
1 0.4688 461000 0
1 0.4688 564000 1000
1 0.4696 462000 0
1 0.4696 565000 1000
1 0.4704 463000 0
1 0.4704 566000 1000
1 0.4712 464000 0
1 0.4712 567000 1000
1 0.472 465000 0
1 0.472 568000 1000
1 0.4728 466000 0
1 0.4728 569000 1000
1 0.4736 467000 0
1 0.4736 570000 1000
1 0.4744 468000 0
1 0.4744 571000 1000
1 0.4752 469000 0
1 0.4752 572000 1000
1 0.476 470000 0
1 0.476 573000 1000
1 0.4768 471000 0
1 0.4768 574000 1000
1 0.4776 472000 0
1 0.4776 575000 1000
1 0.4784 473000 0
1 0.4784 576000 1000
1 0.4792 474000 0
1 0.4792 577000 1000
1 0.48 475000 0
1 0.48 578000 1000
1 0.4808 476000 0
1 0.4808 579000 1000
1 0.4816 477000 0
1 0.4816 580000 1000
1 0.4824 478000 0
1 0.4824 581000 1000
1 0.4832 479000 0
1 0.4832 582000 1000
1 0.484 480000 0
1 0.484 583000 1000
1 0.4848 481000 0
1 0.4848 584000 1000
1 0.4856 482000 0
1 0.4856 585000 1000
1 0.4864 483000 0
1 0.4864 586000 1000
1 0.4872 484000 0
1 0.4872 587000 1000
1 0.488 485000 0
1 0.488 588000 1000
1 0.4888 486000 0
1 0.4888 589000 1000
1 0.4896 487000 0
1 0.4896 590000 1000
1 0.4904 488000 0
1 0.4904 591000 1000
1 0.4912 489000 0
1 0.4912 592000 1000
1 0.492 490000 0
1 0.492 593000 1000
1 0.4928 491000 0
1 0.4928 594000 1000
1 0.4936 492000 0
1 0.4936 595000 1000
1 0.4944 493000 0
1 0.4944 596000 1000
1 0.4952 494000 0
1 0.4952 597000 1000
1 0.496 495000 0
1 0.496 598000 1000
1 0.4968 496000 0
1 0.4968 599000 1000
1 0.4976 497000 0
1 0.4976 600000 1000
1 0.4984 498000 0
1 0.4984 601000 1000
1 0.4992 499000 0
1 0.4992 602000 1000
1 0.5 500000 0
1 0.5 603000 1000
1 0.5008 501000 0
1 0.5008 604000 1000
1 0.5016 502000 0
1 0.5016 605000 1000
1 0.5024 503000 0
1 0.5024 606000 1000
1 0.5032 504000 0
1 0.5032 607000 1000
1 0.5032 608000 1000
1 0.504 505000 0
1 0.504 609000 1000
1 0.5048 506000 0
1 0.5048 610000 1000
1 0.5056 507000 0
1 0.5056 611000 1000
1 0.5064 508000 0
1 0.5064 612000 1000
1 0.5072 509000 0
1 0.5072 613000 1000
1 0.508 510000 0
1 0.508 614000 1000
1 0.5088 511000 0
1 0.5088 615000 1000
1 0.5096 512000 0
1 0.5096 616000 1000
1 0.5104 513000 0
1 0.5104 617000 1000
1 0.5112 514000 0
1 0.5112 618000 1000
1 0.512 515000 0
1 0.512 619000 1000
1 0.5128 516000 0
1 0.5128 620000 1000
1 0.5136 517000 0
1 0.5136 621000 1000
1 0.5144 518000 0
1 0.5144 622000 1000
1 0.5152 519000 0
1 0.5152 623000 1000
1 0.516 520000 0
1 0.516 624000 1000
1 0.5168 521000 0
1 0.5168 625000 1000
1 0.5176 522000 0
1 0.5176 626000 1000
1 0.5184 523000 0
1 0.5184 627000 1000
1 0.5192 524000 0
1 0.5192 628000 1000
1 0.52 525000 0
1 0.52 629000 1000
1 0.5208 526000 0
1 0.5208 630000 1000
1 0.5216 527000 0
1 0.5216 631000 1000
1 0.5224 528000 0
1 0.5224 632000 1000
1 0.5232 529000 0
1 0.5232 633000 1000
1 0.524 530000 0
1 0.524 634000 1000
1 0.5248 531000 0
1 0.5248 635000 1000
1 0.5256 532000 0
1 0.5256 636000 1000
1 0.5264 533000 0
1 0.5264 637000 1000
1 0.5272 534000 0
1 0.5272 638000 1000
1 0.528 535000 0
1 0.528 639000 1000
1 0.5288 536000 0
1 0.5288 640000 1000
1 0.5296 537000 0
1 0.5296 641000 1000
1 0.5304 538000 0
1 0.5304 642000 1000
1 0.5312 539000 0
1 0.5312 643000 1000
1 0.532 540000 0
1 0.532 644000 1000
1 0.5328 541000 0
1 0.5328 645000 1000
1 0.5336 542000 0
1 0.5336 646000 1000
1 0.5344 543000 0
1 0.5344 647000 1000
1 0.5352 544000 0
1 0.5352 648000 1000
1 0.536 545000 0
1 0.536 649000 1000
1 0.5368 546000 0
1 0.5368 650000 1000
1 0.5376 547000 0
1 0.5376 651000 1000
1 0.5384 548000 0
1 0.5384 652000 1000
1 0.5392 549000 0
1 0.5392 653000 1000
1 0.54 550000 0
1 0.54 654000 1000
1 0.5408 551000 0
1 0.5408 655000 1000
1 0.5416 552000 0
1 0.5416 656000 1000
1 0.5424 553000 0
1 0.5424 657000 1000
1 0.5432 554000 0
1 0.5432 658000 1000
1 0.544 555000 0
1 0.544 659000 1000
1 0.5448 556000 0
1 0.5448 660000 1000
1 0.5456 557000 0
1 0.5456 661000 1000
1 0.5464 558000 0
1 0.5464 662000 1000
1 0.5472 559000 0
1 0.5472 663000 1000
1 0.548 560000 0
1 0.548 664000 1000
1 0.5488 561000 0
1 0.5488 665000 1000
1 0.5496 562000 0
1 0.5496 666000 1000
1 0.5504 563000 0
1 0.5504 667000 1000
1 0.5512 564000 0
1 0.5512 668000 1000
1 0.552 565000 0
1 0.552 669000 1000
1 0.5528 566000 0
1 0.5528 670000 1000
1 0.5536 567000 0
1 0.5536 671000 1000
1 0.5544 568000 0
1 0.5544 672000 1000
1 0.5552 569000 0
1 0.5552 673000 1000
1 0.556 570000 0
1 0.556 674000 1000
1 0.5568 571000 0
1 0.5568 675000 1000
1 0.5576 572000 0
1 0.5576 676000 1000
1 0.5584 573000 0
1 0.5584 677000 1000
1 0.5592 574000 0
1 0.5592 678000 1000
1 0.56 575000 0
1 0.56 679000 1000
1 0.5608 576000 0
1 0.5608 680000 1000
1 0.5616 577000 0
1 0.5616 681000 1000
1 0.5624 578000 0
1 0.5624 682000 1000
1 0.5632 579000 0
1 0.5632 683000 1000
1 0.564 580000 0
1 0.564 684000 1000
1 0.5648 581000 0
1 0.5648 685000 1000
1 0.5656 582000 0
1 0.5656 686000 1000
1 0.5664 583000 0
1 0.5664 687000 1000
1 0.5672 584000 0
1 0.5672 688000 1000
1 0.568 585000 0
1 0.568 689000 1000
1 0.5688 586000 0
1 0.5688 690000 1000
1 0.5696 587000 0
1 0.5696 691000 1000
1 0.5704 588000 0
1 0.5704 692000 1000
1 0.5712 589000 0
1 0.5712 693000 1000
1 0.572 590000 0
1 0.572 694000 1000
1 0.5728 591000 0
1 0.5728 695000 1000
1 0.5736 592000 0
1 0.5736 696000 1000
1 0.5744 593000 0
1 0.5744 697000 1000
1 0.5752 594000 0
1 0.5752 698000 1000
1 0.576 595000 0
1 0.576 699000 1000
1 0.5768 596000 0
1 0.5768 700000 1000
1 0.5776 597000 0
1 0.5776 701000 1000
1 0.5784 598000 0
1 0.5784 702000 1000
1 0.5792 599000 0
1 0.5792 703000 1000
1 0.58 600000 0
1 0.58 704000 1000
1 0.5808 601000 0
1 0.5808 705000 1000
1 0.5816 602000 0
1 0.5816 706000 1000
1 0.5824 603000 0
1 0.5824 707000 1000
1 0.5832 604000 0
1 0.5832 708000 1000
1 0.584 605000 0
1 0.584 709000 1000
1 0.5848 606000 0
1 0.5848 710000 1000
1 0.5856 607000 0
1 0.5856 711000 1000
1 0.5864 608000 0
1 0.5864 712000 1000
1 0.5864 713000 1000
1 0.5872 609000 0
1 0.5872 714000 1000
1 0.588 610000 0
1 0.588 715000 1000
1 0.5888 611000 0
1 0.5888 716000 1000
1 0.5896 612000 0
1 0.5896 717000 1000
1 0.5904 613000 0
1 0.5904 718000 1000
1 0.5912 614000 0
1 0.5912 719000 1000
1 0.592 615000 0
1 0.592 720000 1000
1 0.5928 616000 0
1 0.5928 721000 1000
1 0.5936 617000 0
1 0.5936 722000 1000
1 0.5944 618000 0
1 0.5944 723000 1000
1 0.5952 619000 0
1 0.5952 724000 1000
1 0.596 620000 0
1 0.596 725000 1000
1 0.5968 621000 0
1 0.5968 726000 1000
1 0.5976 622000 0
1 0.5976 727000 1000
1 0.5984 623000 0
1 0.5984 728000 1000
1 0.5992 624000 0
1 0.5992 729000 1000
1 0.6 625000 0
1 0.6 730000 1000
1 0.6008 626000 0
1 0.6008 731000 1000
1 0.6016 627000 0
1 0.6016 732000 1000
1 0.6024 628000 0
1 0.6024 733000 1000
1 0.6032 629000 0
1 0.6032 734000 1000
1 0.604 630000 0
1 0.604 735000 1000
1 0.6048 631000 0
1 0.6048 736000 1000
1 0.6056 632000 0
1 0.6056 737000 1000
1 0.6064 633000 0
1 0.6064 738000 1000
1 0.6072 634000 0
1 0.6072 739000 1000
1 0.608 635000 0
1 0.608 740000 1000
1 0.6088 636000 0
1 0.6088 741000 1000
1 0.6096 637000 0
1 0.6096 742000 1000
1 0.6104 638000 0
1 0.6104 743000 1000
1 0.6112 639000 0
1 0.6112 744000 1000
1 0.612 640000 0
1 0.612 745000 1000
1 0.6128 641000 0
1 0.6128 746000 1000
1 0.6136 642000 0
1 0.6136 747000 1000
1 0.6144 643000 0
1 0.6144 748000 1000
1 0.6152 644000 0
1 0.6152 749000 1000
1 0.616 645000 0
1 0.616 750000 1000
1 0.6168 646000 0
1 0.6168 751000 1000
1 0.6176 647000 0
1 0.6176 752000 1000
1 0.6184 648000 0
1 0.6184 753000 1000
1 0.6192 649000 0
1 0.6192 754000 1000
1 0.62 650000 0
1 0.62 755000 1000
1 0.6208 651000 0
1 0.6208 756000 1000
1 0.6216 652000 0
1 0.6216 757000 1000
1 0.6224 653000 0
1 0.6224 758000 1000
1 0.6232 654000 0
1 0.6232 759000 1000
1 0.624 655000 0
1 0.624 760000 1000
1 0.6248 656000 0
1 0.6248 761000 1000
1 0.6256 657000 0
1 0.6256 762000 1000
1 0.6264 658000 0
1 0.6264 763000 1000
1 0.6272 659000 0
1 0.6272 764000 1000
1 0.628 660000 0
1 0.628 765000 1000
1 0.6288 661000 0
1 0.6288 766000 1000
1 0.6296 662000 0
1 0.6296 767000 1000
1 0.6304 663000 0
1 0.6304 768000 1000
1 0.6312 664000 0
1 0.6312 769000 1000
1 0.632 665000 0
1 0.632 770000 1000
1 0.6328 666000 0
1 0.6328 771000 1000
1 0.6336 667000 0
1 0.6336 772000 1000
1 0.6344 668000 0
1 0.6344 773000 1000
1 0.6352 669000 0
1 0.6352 774000 1000
1 0.636 670000 0
1 0.636 775000 1000
1 0.6368 671000 0
1 0.6368 776000 1000
1 0.6376 672000 0
1 0.6376 777000 1000
1 0.6384 673000 0
1 0.6384 778000 1000
1 0.6392 674000 0
1 0.6392 779000 1000
1 0.64 675000 0
1 0.64 780000 1000
1 0.6408 676000 0
1 0.6408 781000 1000
1 0.6416 677000 0
1 0.6416 782000 1000
1 0.6424 678000 0
1 0.6424 783000 1000
1 0.6432 679000 0
1 0.6432 784000 1000
1 0.644 680000 0
1 0.644 785000 1000
1 0.6448 681000 0
1 0.6448 786000 1000
1 0.6456 682000 0
1 0.6456 787000 1000
1 0.6464 683000 0
1 0.6464 788000 1000
1 0.6472 684000 0
1 0.6472 789000 1000
1 0.648 685000 0
1 0.648 790000 1000
1 0.6488 686000 0
1 0.6488 791000 1000
1 0.6496 687000 0
1 0.6496 792000 1000
1 0.6504 688000 0
1 0.6504 793000 1000
1 0.6512 689000 0
1 0.6512 794000 1000
1 0.652 690000 0
1 0.652 795000 1000
1 0.6528 691000 0
1 0.6528 796000 1000
1 0.6536 692000 0
1 0.6536 797000 1000
1 0.6544 693000 0
1 0.6544 798000 1000
1 0.6552 694000 0
1 0.6552 799000 1000
1 0.656 695000 0
1 0.656 800000 1000
1 0.6568 696000 0
1 0.6568 801000 1000
1 0.6576 697000 0
1 0.6576 802000 1000
1 0.6584 698000 0
1 0.6584 803000 1000
1 0.6592 699000 0
1 0.6592 804000 1000
1 0.66 700000 0
1 0.66 805000 1000
1 0.6608 701000 0
1 0.6608 806000 1000
1 0.6616 702000 0
1 0.6616 807000 1000
1 0.6624 703000 0
1 0.6624 808000 1000
1 0.6632 704000 0
1 0.6632 809000 1000
1 0.664 705000 0
1 0.664 810000 1000
1 0.6648 706000 0
1 0.6648 811000 1000
1 0.6656 707000 0
1 0.6656 812000 1000
1 0.6664 708000 0
1 0.6664 813000 1000
1 0.6672 709000 0
1 0.6672 814000 1000
1 0.668 710000 0
1 0.668 815000 1000
1 0.6688 711000 0
1 0.6688 816000 1000
1 0.6696 712000 0
1 0.6696 817000 1000
1 0.6704 713000 0
1 0.6704 818000 1000
1 0.6704 819000 1000
1 0.6704 819000 x
1 0.6712 714000 0
1 0.6712 820000 1000
1 0.672 715000 0
1 0.672 821000 1000
1 0.6728 716000 0
1 0.6728 822000 1000
1 0.6736 717000 0
1 0.6736 823000 1000
1 0.6744 718000 0
1 0.6744 824000 1000
1 0.6752 719000 0
1 0.6752 825000 1000
1 0.676 720000 0
1 0.676 826000 1000
1 0.6768 721000 0
1 0.6768 827000 1000
1 0.6776 722000 0
1 0.6776 828000 1000
1 0.6784 723000 0
1 0.6784 829000 1000
1 0.6792 724000 0
1 0.6792 830000 1000
1 0.68 725000 0
1 0.68 831000 1000
1 0.6808 726000 0
1 0.6808 832000 1000
1 0.6816 727000 0
1 0.6816 833000 1000
1 0.6824 728000 0
1 0.6824 834000 1000
1 0.6832 729000 0
1 0.6832 835000 1000
1 0.684 730000 0
1 0.684 836000 1000
1 0.6848 731000 0
1 0.6848 837000 1000
1 0.6856 732000 0
1 0.6856 838000 1000
1 0.6864 733000 0
1 0.6864 839000 1000
1 0.6872 734000 0
1 0.6872 840000 1000
1 0.688 735000 0
1 0.688 841000 1000
1 0.6888 736000 0
1 0.6888 842000 1000
1 0.6896 737000 0
1 0.6896 843000 1000
1 0.6904 738000 0
1 0.6904 844000 1000
1 0.6912 739000 0
1 0.6912 845000 1000
1 0.692 740000 0
1 0.692 846000 1000
1 0.6928 741000 0
1 0.6928 847000 1000
1 0.6936 742000 0
1 0.6936 848000 1000
1 0.6944 743000 0
1 0.6944 849000 1000
1 0.6952 744000 0
1 0.6952 850000 1000
1 0.696 745000 0
1 0.696 851000 1000
1 0.6968 746000 0
1 0.6968 852000 1000
1 0.6976 747000 0
1 0.6976 853000 1000
1 0.6984 748000 0
1 0.6984 854000 1000
1 0.6992 749000 0
1 0.6992 855000 1000
1 0.7 750000 0
1 0.7 856000 1000
1 0.7008 751000 0
1 0.7008 857000 1000
1 0.7016 752000 0
1 0.7016 858000 1000
1 0.7024 753000 0
1 0.7024 859000 1000
1 0.7032 754000 0
1 0.7032 860000 1000
1 0.704 755000 0
1 0.704 861000 1000
1 0.7048 756000 0
1 0.7048 862000 1000
1 0.7056 757000 0
1 0.7056 863000 1000
1 0.7064 758000 0
1 0.7064 864000 1000
1 0.7072 759000 0
1 0.7072 865000 1000
1 0.708 760000 0
1 0.708 866000 1000
1 0.7088 761000 0
1 0.7088 867000 1000
1 0.7096 762000 0
1 0.7096 868000 1000
1 0.7104 763000 0
1 0.7104 869000 1000
1 0.7112 764000 0
1 0.7112 870000 1000
1 0.712 765000 0
1 0.712 871000 1000
1 0.7128 766000 0
1 0.7128 872000 1000
1 0.7136 767000 0
1 0.7136 873000 1000
1 0.7144 768000 0
1 0.7144 874000 1000
1 0.7152 769000 0
1 0.7152 875000 1000
1 0.716 770000 0
1 0.716 876000 1000
1 0.7168 771000 0
1 0.7168 877000 1000
1 0.7176 772000 0
1 0.7176 878000 1000
1 0.7184 773000 0
1 0.7184 879000 1000
1 0.7192 774000 0
1 0.7192 880000 1000
1 0.72 775000 0
1 0.72 881000 1000
1 0.7208 776000 0
1 0.7208 882000 1000
1 0.7216 777000 0
1 0.7216 883000 1000
1 0.7224 778000 0
1 0.7224 884000 1000
1 0.7232 779000 0
1 0.7232 885000 1000
1 0.724 780000 0
1 0.724 886000 1000
1 0.7248 781000 0
1 0.7248 887000 1000
1 0.7256 782000 0
1 0.7256 888000 1000
1 0.7264 783000 0
1 0.7264 889000 1000
1 0.7272 784000 0
1 0.7272 890000 1000
1 0.728 785000 0
1 0.728 891000 1000
1 0.7288 786000 0
1 0.7288 892000 1000
1 0.7296 787000 0
1 0.7296 893000 1000
1 0.7304 788000 0
1 0.7304 894000 1000
1 0.7312 789000 0
1 0.7312 895000 1000
1 0.732 790000 0
1 0.732 896000 1000
1 0.7328 791000 0
1 0.7328 897000 1000
1 0.7336 792000 0
1 0.7336 898000 1000
1 0.7344 793000 0
1 0.7344 899000 1000
1 0.7352 794000 0
1 0.7352 900000 1000
1 0.736 795000 0
1 0.736 901000 1000
1 0.7368 796000 0
1 0.7368 902000 1000
1 0.7376 797000 0
1 0.7376 903000 1000
1 0.7384 798000 0
1 0.7384 904000 1000
1 0.7392 799000 0
1 0.7392 905000 1000
1 0.74 800000 0
1 0.74 906000 1000
1 0.7408 801000 0
1 0.7408 907000 1000
1 0.7416 802000 0
1 0.7416 908000 1000
1 0.7424 803000 0
1 0.7424 909000 1000
1 0.7432 804000 0
1 0.7432 910000 1000
1 0.744 805000 0
1 0.744 911000 1000
1 0.7448 806000 0
1 0.7448 912000 1000
1 0.7456 807000 0
1 0.7456 913000 1000
1 0.7464 808000 0
1 0.7464 914000 1000
1 0.7472 809000 0
1 0.7472 915000 1000
1 0.748 810000 0
1 0.748 916000 1000
1 0.7488 811000 0
1 0.7488 917000 1000
1 0.7496 812000 0
1 0.7496 918000 1000
1 0.7504 813000 0
1 0.7504 919000 1000
1 0.7512 814000 0
1 0.7512 920000 1000
1 0.752 815000 0
1 0.752 921000 1000
1 0.7528 816000 0
1 0.7528 922000 1000
1 0.7536 817000 0
1 0.7536 923000 1000
1 0.7544 818000 0
1 0.7544 924000 1000
1 0.7552 818000 0
1 0.756 818000 0
1 0.7568 818000 0
1 0.7576 818000 0
1 0.7584 818000 0
1 0.7592 818000 0
1 0.76 818000 0
1 0.7608 818000 0
1 0.7616 818000 0
1 0.7624 818000 0
1 0.7632 818000 0
1 0.764 818000 0
1 0.7648 818000 0
1 0.7656 818000 0
1 0.7664 818000 0
1 0.7672 818000 0
1 0.768 818000 0
1 0.7688 818000 0
1 0.7696 818000 0
1 0.7704 818000 0
1 0.7712 818000 0
1 0.772 818000 0
1 0.7728 818000 0
1 0.7736 818000 0
1 0.7744 818000 0
1 0.7752 818000 0
1 0.776 818000 0
1 0.7768 818000 0
1 0.7776 818000 0
1 0.7784 818000 0
1 0.7792 818000 0
1 0.78 818000 0
1 0.7808 818000 0
1 0.7816 818000 0
1 0.7824 818000 0
1 0.7832 818000 0
1 0.784 818000 0
1 0.7848 818000 0
1 0.7856 818000 0
1 0.7864 818000 0
1 0.7872 818000 0
1 0.788 818000 0
1 0.7888 818000 0
1 0.7896 818000 0
1 0.7904 818000 0
1 0.7912 818000 0
1 0.792 818000 0
1 0.7928 818000 0
1 0.7936 818000 0
1 0.7944 818000 0
1 0.7952 818000 0
1 0.796 818000 0
1 0.7968 818000 0
1 0.7976 818000 0
1 0.7984 818000 0
1 0.7992 818000 0
1 0.8 818000 0
1 0.8008 818000 0
1 0.8016 818000 0
1 0.8024 818000 0
1 0.8032 818000 0
1 0.804 818000 0
1 0.8048 818000 0
1 0.8056 818000 0
1 0.8064 818000 0
1 0.8072 818000 0
1 0.808 818000 0
1 0.8088 818000 0
1 0.8096 818000 0
1 0.8104 818000 0
1 0.8112 818000 0
1 0.812 818000 0
1 0.8128 818000 0
1 0.8136 818000 0
1 0.8144 818000 0
1 0.8152 818000 0
1 0.816 818000 0
1 0.8168 818000 0
1 0.8176 818000 0
1 0.8184 818000 0
1 0.8192 818000 0
1 0.82 818000 0
1 0.8208 818000 0
1 0.8216 818000 0
1 0.8224 818000 0
1 0.8232 818000 0
1 0.824 818000 0
1 0.8248 818000 0
1 0.8256 818000 0
1 0.8264 818000 0
1 0.8272 818000 0
1 0.828 818000 0
1 0.8288 818000 0
1 0.8296 818000 0
1 0.8304 818000 0
1 0.8312 818000 0
1 0.832 818000 0
1 0.8328 818000 0
1 0.8336 818000 0
1 0.8344 818000 0
1 0.8352 818000 0
1 0.836 818000 0
1 0.8368 818000 0
1 0.8376 818000 0
1 0.8384 818000 0
1 1.0384 819000 1000
1 1.0592 924000 0
1 1.0592 925000 1000
1 1.0592 926000 1000
1 1.08 925000 0
1 1.08 927000 1000
1 1.08 928000 1000
1 1.0808 926000 0
1 1.0808 929000 1000
1 1.0808 930000 1000
1 1.1008 927000 0
1 1.1008 931000 1000
1 1.1008 932000 1000
1 1.1016 928000 0
1 1.1016 933000 1000
1 1.1016 934000 1000
1 1.1024 929000 0
1 1.1024 935000 1000
1 1.1024 936000 1000
1 1.1032 930000 0
1 1.1032 937000 1000
1 1.1032 938000 1000
1 1.1216 931000 0
1 1.1216 939000 1000
1 1.1216 940000 1000
1 1.1224 932000 0
1 1.1224 941000 1000
1 1.1224 942000 1000
1 1.1232 933000 0
1 1.1232 943000 1000
1 1.1232 944000 1000
1 1.124 934000 0
1 1.124 945000 1000
1 1.124 946000 1000
1 1.1248 935000 0
1 1.1248 947000 1000
1 1.1248 948000 1000
1 1.1256 936000 0
1 1.1256 949000 1000
1 1.1256 950000 1000
1 1.1264 937000 0
1 1.1264 951000 1000
1 1.1264 952000 1000
1 1.1272 938000 0
1 1.1272 953000 1000
1 1.1272 954000 1000
1 1.1424 939000 0
1 1.1424 955000 1000
1 1.1424 956000 1000
1 1.1432 940000 0
1 1.1432 957000 1000
1 1.1432 958000 1000
1 1.144 941000 0
1 1.144 959000 1000
1 1.144 960000 1000
1 1.1448 942000 0
1 1.1448 961000 1000
1 1.1448 962000 1000
1 1.1456 943000 0
1 1.1456 963000 1000
1 1.1456 964000 1000
1 1.1464 944000 0
1 1.1464 965000 1000
1 1.1464 966000 1000
1 1.1472 945000 0
1 1.1472 967000 1000
1 1.1472 968000 1000
1 1.148 946000 0
1 1.148 969000 1000
1 1.148 970000 1000
1 1.1488 947000 0
1 1.1488 971000 1000
1 1.1488 972000 1000
1 1.1496 948000 0
1 1.1496 973000 1000
1 1.1496 974000 1000
1 1.1504 949000 0
1 1.1504 975000 1000
1 1.1504 976000 1000
1 1.1512 950000 0
1 1.1512 977000 1000
1 1.1512 978000 1000
1 1.152 951000 0
1 1.152 979000 1000
1 1.152 980000 1000
1 1.1528 952000 0
1 1.1528 981000 1000
1 1.1528 982000 1000
1 1.1536 953000 0
1 1.1536 983000 1000
1 1.1536 984000 1000
1 1.1544 954000 0
1 1.1544 985000 1000
1 1.1544 986000 1000
1 1.1632 955000 0
1 1.1632 987000 1000
1 1.1632 988000 1000
1 1.164 956000 0
1 1.164 989000 1000
1 1.164 990000 1000
1 1.1648 957000 0
1 1.1648 991000 1000
1 1.1648 992000 1000
1 1.1656 958000 0
1 1.1656 993000 1000
1 1.1656 994000 1000
1 1.1664 959000 0
1 1.1664 995000 1000
1 1.1664 996000 1000
1 1.1672 960000 0
1 1.1672 997000 1000
1 1.1672 998000 1000
1 1.168 961000 0
1 1.168 999000 1000
1 1.1688 962000 0
1 1.1696 963000 0
1 1.1704 964000 0
1 1.1712 965000 0
1 1.172 966000 0
1 1.1728 967000 0
1 1.1736 968000 0
1 1.1744 969000 0
1 1.1752 970000 0
1 1.176 971000 0
1 1.1768 972000 0
1 1.1776 973000 0
1 1.1784 974000 0
1 1.1792 975000 0
1 1.18 976000 0
1 1.1808 977000 0
1 1.1816 978000 0
1 1.1824 979000 0
1 1.1832 980000 0
1 1.184 981000 0
1 1.1848 982000 0
1 1.1856 983000 0
1 1.1864 984000 0
1 1.1872 985000 0
1 1.188 986000 0
1 1.1888 987000 0
1 1.1896 988000 0
1 1.1904 989000 0
1 1.1912 990000 0
1 1.192 991000 0
1 1.1928 992000 0
1 1.1936 993000 0
1 1.1944 994000 0
1 1.1952 995000 0
1 1.196 996000 0
1 1.1968 997000 0
1 1.1976 998000 0
1 1.1984 999000 0
