0 1
0.0208 2
0.0416 3
0.0424 4
0.0624 5
0.0632 6
0.064 7
0.0648 8
0.0832 9
0.084 10
0.0848 11
0.0856 12
0.0864 13
0.0872 14
0.088 15
0.0888 16
0.104 17
0.1048 18
0.1056 19
0.1064 20
0.1072 21
0.108 22
0.1088 23
0.1096 24
0.1104 25
0.1112 26
0.112 27
0.1128 28
0.1136 29
0.1144 30
0.1152 31
0.116 32
0.1248 33
0.1256 34
0.1264 35
0.1272 36
0.128 37
0.1288 38
0.1296 39
0.1304 40
0.1312 41
0.132 42
0.1328 43
0.1336 44
0.1344 45
0.1352 46
0.136 47
0.1368 48
0.1376 49
0.1384 50
0.1392 51
0.14 52
0.1408 53
0.1416 54
0.1424 55
0.1432 56
0.144 57
0.1448 58
0.1456 59
0.1464 60
0.1472 61
0.148 62
0.1488 63
0.1496 64
0.1504 65
0.1512 66
0.152 67
0.1528 68
0.1536 69
0.1544 70
0.1552 71
0.156 72
0.1568 73
0.1576 74
0.1584 75
0.1592 76
0.16 77
0.1608 78
0.1616 79
0.1624 80
0.1632 81
0.164 82
0.1648 83
0.1656 84
0.1664 85
0.1672 86
0.168 87
0.1688 88
0.1696 89
0.1704 90
0.1712 91
0.172 92
0.1728 93
0.1736 94
0.1744 95
0.1752 96
0.176 97
0.1768 98
0.1776 99
0.1784 100
0.1792 100
0.18 100
0.1808 100
0.1816 100
0.1824 100
0.1832 100
0.184 100
0.1848 100
0.1856 100
0.1864 100
0.1872 100
0.188 100
0.1888 100
0.1896 100
0.1904 100
0.1912 100
0.192 100
0.1928 100
0.1936 100
0.1944 100
0.1952 100
0.196 100
0.1968 100
0.1976 100
0.1984 100
0.1992 100
0.2 100
0.2008 100
0.2016 100
0.2024 100
0.2032 100
0.204 100
0.2048 100
0.2056 100
0.2064 100
0.2072 100
0.208 100
0.2088 100
0.2096 100
0.2104 100
0.2112 100
0.212 100
0.2128 100
0.2136 100
0.2144 100
0.2152 100
0.216 100
0.2168 100
0.2176 100
0.2184 100
0.2192 100
0.22 100
0.2208 100
0.2216 100
0.2224 100
0.2232 100
0.224 100
0.2248 100
0.2256 100
0.2264 100
0.2272 100
0.228 100
0.2288 100
0.2296 100
0.2304 100
0.2312 100
0.232 100
0.2328 100
0.2336 100
0.2344 100
0.2352 100
0.236 100
0.2368 100
0.2376 100
0.2384 100
0.2392 100
0.24 100
0.2408 100
0.2416 100
0.2424 100
0.2432 100
0.244 100
0.2448 100
0.2456 100
0.2464 100
0.2472 100
0.248 100
0.2488 100
0.2496 100
0.2504 100
0.2512 100
0.252 100
0.2528 100
0.2536 100
0.2544 100
0.2552 100
0.256 100
0.2568 100
0.2576 100
0.2584 101
0.2592 101
0.26 101
0.2608 101
0.2616 101
0.2624 101
0.2632 101
0.264 101
0.2648 101
0.2656 101
0.2664 101
0.2672 101
0.268 101
0.2688 101
0.2696 101
0.2704 101
0.2712 101
0.272 101
0.2728 101
0.2736 101
0.2744 101
0.2752 101
0.276 101
0.2768 101
0.2776 101
0.2784 101
0.2792 101
0.28 101
0.2808 101
0.2816 101
0.2824 101
0.2832 101
0.284 101
0.2848 101
0.2856 101
0.2864 101
0.2872 101
0.288 101
0.2888 101
0.2896 101
0.2904 101
0.2912 101
0.292 101
0.2928 101
0.2936 101
0.2944 101
0.2952 101
0.296 101
0.2968 101
0.2976 101
0.2984 101
0.2992 101
0.3 101
0.3008 101
0.3016 101
0.3024 101
0.3032 101
0.304 101
0.3048 101
0.3056 101
0.3064 101
0.3072 101
0.308 101
0.3088 101
0.3096 101
0.3104 101
0.3112 101
0.312 101
0.3128 101
0.3136 101
0.3144 101
0.3152 101
0.316 101
0.3168 101
0.3176 101
0.3184 101
0.3192 101
0.32 101
0.3208 101
0.3216 101
0.3224 101
0.3232 101
0.324 101
0.3248 101
0.3256 101
0.3264 101
0.3272 101
0.328 101
0.3288 101
0.3296 101
0.3304 101
0.3312 101
0.332 101
0.3328 101
0.3336 101
0.3344 101
0.3352 101
0.336 101
0.3368 101
0.3376 101
0.3384 101
0.3392 102
0.34 102
0.3408 102
0.3416 102
0.3424 102
0.3432 102
0.344 102
0.3448 102
0.3456 102
0.3464 102
0.3472 102
0.348 102
0.3488 102
0.3496 102
0.3504 102
0.3512 102
0.352 102
0.3528 102
0.3536 102
0.3544 102
0.3552 102
0.356 102
0.3568 102
0.3576 102
0.3584 102
0.3592 102
0.36 102
0.3608 102
0.3616 102
0.3624 102
0.3632 102
0.364 102
0.3648 102
0.3656 102
0.3664 102
0.3672 102
0.368 102
0.3688 102
0.3696 102
0.3704 102
0.3712 102
0.372 102
0.3728 102
0.3736 102
0.3744 102
0.3752 102
0.376 102
0.3768 102
0.3776 102
0.3784 102
0.3792 102
0.38 102
0.3808 102
0.3816 102
0.3824 102
0.3832 102
0.384 102
0.3848 102
0.3856 102
0.3864 102
0.3872 102
0.388 102
0.3888 102
0.3896 102
0.3904 102
0.3912 102
0.392 102
0.3928 102
0.3936 102
0.3944 102
0.3952 102
0.396 102
0.3968 102
0.3976 102
0.3984 102
0.3992 102
0.4 102
0.4008 102
0.4016 102
0.4024 102
0.4032 102
0.404 102
0.4048 102
0.4056 102
0.4064 102
0.4072 102
0.408 102
0.4088 102
0.4096 102
0.4104 102
0.4112 102
0.412 102
0.4128 102
0.4136 102
0.4144 102
0.4152 102
0.416 102
0.4168 102
0.4176 102
0.4184 102
0.4192 102
0.42 102
0.4208 103
0.4216 103
0.4224 103
0.4232 103
0.424 103
0.4248 103
0.4256 103
0.4264 103
0.4272 103
0.428 103
0.4288 103
0.4296 103
0.4304 103
0.4312 103
0.432 103
0.4328 103
0.4336 103
0.4344 103
0.4352 103
0.436 103
0.4368 103
0.4376 103
0.4384 103
0.4392 103
0.44 103
0.4408 103
0.4416 103
0.4424 103
0.4432 103
0.444 103
0.4448 103
0.4456 103
0.4464 103
0.4472 103
0.448 103
0.4488 103
0.4496 103
0.4504 103
0.4512 103
0.452 103
0.4528 103
0.4536 103
0.4544 103
0.4552 103
0.456 103
0.4568 103
0.4576 103
0.4584 103
0.4592 103
0.46 103
0.4608 103
0.4616 103
0.4624 103
0.4632 103
0.464 103
0.4648 103
0.4656 103
0.4664 103
0.4672 103
0.468 103
0.4688 103
0.4696 103
0.4704 103
0.4712 103
0.472 103
0.4728 103
0.4736 103
0.4744 103
0.4752 103
0.476 103
0.4768 103
0.4776 103
0.4784 103
0.4792 103
0.48 103
0.4808 103
0.4816 103
0.4824 103
0.4832 103
0.484 103
0.4848 103
0.4856 103
0.4864 103
0.4872 103
0.488 103
0.4888 103
0.4896 103
0.4904 103
0.4912 103
0.492 103
0.4928 103
0.4936 103
0.4944 103
0.4952 103
0.496 103
0.4968 103
0.4976 103
0.4984 103
0.4992 103
0.5 103
0.5008 103
0.5016 103
0.5024 103
0.5032 104
0.504 104
0.5048 104
0.5056 104
0.5064 104
0.5072 104
0.508 104
0.5088 104
0.5096 104
0.5104 104
0.5112 104
0.512 104
0.5128 104
0.5136 104
0.5144 104
0.5152 104
0.516 104
0.5168 104
0.5176 104
0.5184 104
0.5192 104
0.52 104
0.5208 104
0.5216 104
0.5224 104
0.5232 104
0.524 104
0.5248 104
0.5256 104
0.5264 104
0.5272 104
0.528 104
0.5288 104
0.5296 104
0.5304 104
0.5312 104
0.532 104
0.5328 104
0.5336 104
0.5344 104
0.5352 104
0.536 104
0.5368 104
0.5376 104
0.5384 104
0.5392 104
0.54 104
0.5408 104
0.5416 104
0.5424 104
0.5432 104
0.544 104
0.5448 104
0.5456 104
0.5464 104
0.5472 104
0.548 104
0.5488 104
0.5496 104
0.5504 104
0.5512 104
0.552 104
0.5528 104
0.5536 104
0.5544 104
0.5552 104
0.556 104
0.5568 104
0.5576 104
0.5584 104
0.5592 104
0.56 104
0.5608 104
0.5616 104
0.5624 104
0.5632 104
0.564 104
0.5648 104
0.5656 104
0.5664 104
0.5672 104
0.568 104
0.5688 104
0.5696 104
0.5704 104
0.5712 104
0.572 104
0.5728 104
0.5736 104
0.5744 104
0.5752 104
0.576 104
0.5768 104
0.5776 104
0.5784 104
0.5792 104
0.58 104
0.5808 104
0.5816 104
0.5824 104
0.5832 104
0.584 104
0.5848 104
0.5856 104
0.5864 105
0.5872 105
0.588 105
0.5888 105
0.5896 105
0.5904 105
0.5912 105
0.592 105
0.5928 105
0.5936 105
0.5944 105
0.5952 105
0.596 105
0.5968 105
0.5976 105
0.5984 105
0.5992 105
0.6 105
0.6008 105
0.6016 105
0.6024 105
0.6032 105
0.604 105
0.6048 105
0.6056 105
0.6064 105
0.6072 105
0.608 105
0.6088 105
0.6096 105
0.6104 105
0.6112 105
0.612 105
0.6128 105
0.6136 105
0.6144 105
0.6152 105
0.616 105
0.6168 105
0.6176 105
0.6184 105
0.6192 105
0.62 105
0.6208 105
0.6216 105
0.6224 105
0.6232 105
0.624 105
0.6248 105
0.6256 105
0.6264 105
0.6272 105
0.628 105
0.6288 105
0.6296 105
0.6304 105
0.6312 105
0.632 105
0.6328 105
0.6336 105
0.6344 105
0.6352 105
0.636 105
0.6368 105
0.6376 105
0.6384 105
0.6392 105
0.64 105
0.6408 105
0.6416 105
0.6424 105
0.6432 105
0.644 105
0.6448 105
0.6456 105
0.6464 105
0.6472 105
0.648 105
0.6488 105
0.6496 105
0.6504 105
0.6512 105
0.652 105
0.6528 105
0.6536 105
0.6544 105
0.6552 105
0.656 105
0.6568 105
0.6576 105
0.6584 105
0.6592 105
0.66 105
0.6608 105
0.6616 105
0.6624 105
0.6632 105
0.664 105
0.6648 105
0.6656 105
0.6664 105
0.6672 105
0.668 105
0.6688 105
0.6696 105
0.6704 106
0.6712 106
0.672 106
0.6728 106
0.6736 106
0.6744 106
0.6752 106
0.676 106
0.6768 106
0.6776 106
0.6784 106
0.6792 106
0.68 106
0.6808 106
0.6816 106
0.6824 106
0.6832 106
0.684 106
0.6848 106
0.6856 106
0.6864 106
0.6872 106
0.688 106
0.6888 106
0.6896 106
0.6904 106
0.6912 106
0.692 106
0.6928 106
0.6936 106
0.6944 106
0.6952 106
0.696 106
0.6968 106
0.6976 106
0.6984 106
0.6992 106
0.7 106
0.7008 106
0.7016 106
0.7024 106
0.7032 106
0.704 106
0.7048 106
0.7056 106
0.7064 106
0.7072 106
0.708 106
0.7088 106
0.7096 106
0.7104 106
0.7112 106
0.712 106
0.7128 106
0.7136 106
0.7144 106
0.7152 106
0.716 106
0.7168 106
0.7176 106
0.7184 106
0.7192 106
0.72 106
0.7208 106
0.7216 106
0.7224 106
0.7232 106
0.724 106
0.7248 106
0.7256 106
0.7264 106
0.7272 106
0.728 106
0.7288 106
0.7296 106
0.7304 106
0.7312 106
0.732 106
0.7328 106
0.7336 106
0.7344 106
0.7352 106
0.736 106
0.7368 106
0.7376 106
0.7384 106
0.7392 106
0.74 106
0.7408 106
0.7416 106
0.7424 106
0.7432 106
0.744 106
0.7448 106
0.7456 106
0.7464 106
0.7472 106
0.748 106
0.7488 106
0.7496 106
0.7504 106
0.7512 106
0.752 106
0.7528 106
0.7536 106
0.7544 106
0.7552 107
0.756 107
0.7568 107
0.7576 107
0.7584 107
0.7592 107
0.76 107
0.7608 107
0.7616 107
0.7624 107
0.7632 107
0.764 107
0.7648 107
0.7656 107
0.7664 107
0.7672 107
0.768 107
0.7688 107
0.7696 107
0.7704 107
0.7712 107
0.772 107
0.7728 107
0.7736 107
0.7744 107
0.7752 107
0.776 107
0.7768 107
0.7776 107
0.7784 107
0.7792 107
0.78 107
0.7808 107
0.7816 107
0.7824 107
0.7832 107
0.784 107
0.7848 107
0.7856 107
0.7864 107
0.7872 107
0.788 107
0.7888 107
0.7896 107
0.7904 107
0.7912 107
0.792 107
0.7928 107
0.7936 107
0.7944 107
0.7952 107
0.796 107
0.7968 107
0.7976 107
0.7984 107
0.7992 107
0.8 107
0.8008 107
0.8016 107
0.8024 107
0.8032 107
0.804 107
0.8048 107
0.8056 107
0.8064 107
0.8072 107
0.808 107
0.8088 107
0.8096 107
0.8104 107
0.8112 107
0.812 107
0.8128 107
0.8136 107
0.8144 107
0.8152 107
0.816 107
0.8168 107
0.8176 107
0.8184 107
0.8192 107
0.82 107
0.8208 107
0.8216 107
0.8224 107
0.8232 107
0.824 107
0.8248 107
0.8256 107
0.8264 107
0.8272 107
0.828 107
0.8288 107
0.8296 107
0.8304 107
0.8312 107
0.832 107
0.8328 107
0.8336 107
0.8344 107
0.8352 107
0.836 107
0.8368 107
0.8376 107
0.8384 107
0.8392 107
0.84 107
0.8408 108
0.8416 108
0.8424 108
0.8432 108
0.844 108
0.8448 108
0.8456 108
0.8464 108
0.8472 108
0.848 108
0.8488 108
0.8496 108
0.8504 108
0.8512 108
0.852 108
0.8528 108
0.8536 108
0.8544 108
0.8552 108
0.856 108
0.8568 108
0.8576 108
0.8584 108
0.8592 108
0.86 108
0.8608 108
0.8616 108
0.8624 108
0.8632 108
0.864 108
0.8648 108
0.8656 108
0.8664 108
0.8672 108
0.868 108
0.8688 108
0.8696 108
0.8704 108
0.8712 108
0.872 108
0.8728 108
0.8736 108
0.8744 108
0.8752 108
0.876 108
0.8768 108
0.8776 108
0.8784 108
0.8792 108
0.88 108
0.8808 108
0.8816 108
0.8824 108
0.8832 108
0.884 108
0.8848 108
0.8856 108
0.8864 108
0.8872 108
0.888 108
0.8888 108
0.8896 108
0.8904 108
0.8912 108
0.892 108
0.8928 108
0.8936 108
0.8944 108
0.8952 108
0.896 108
0.8968 108
0.8976 108
0.8984 108
0.8992 108
